  -1.28946340E-05  -6.11514906E-06  -1.35481332E-05
  -3.78176424E-06   1.51968497E-05   1.25572069E-06
   2.37202566E-05  -2.31595859E-05   4.03209742E-05
  -4.35430848E-05   1.36203043E-05  -1.31197075E-05
  -5.14061003E-06  -5.59555338E-06   8.08153891E-06
   2.20383336E-05   2.20674501E-05   6.42259911E-05
   2.07295925E-05   6.21460185E-06   1.08531185E-05
   3.99191013E-05  -4.92495747E-05   4.50230327E-05
  -1.95259527E-05  -8.66252662E-07  -3.44491150E-06
   2.29595189E-05  -3.37590027E-05  -9.54447569E-06
  -1.94956174E-05   1.91176259E-05   3.56727360E-05
  -1.54387453E-05   6.98323220E-06  -3.88809622E-06
   2.11528713E-05   2.24356481E-05  -2.84356383E-06
  -5.27265802E-05   7.00680102E-05   2.23598654E-05
   3.07797527E-05  -1.70885760E-05  -2.39993074E-06
   9.16056433E-06   2.52640548E-05   2.05268698E-05
   3.03677862E-05  -2.37218569E-06  -1.41995361E-06
   3.44038699E-06  -3.15527291E-06  -6.01194643E-06
  -3.00922657E-05  -1.21989196E-05  -3.74103474E-05
  -4.75559318E-06   2.57663996E-05   2.67436244E-05
  -2.22452400E-06  -3.15581965E-05   7.50210666E-06
   1.38011019E-05   1.67856149E-06   7.71908253E-06
  -1.36004683E-05  -2.99158955E-06   1.24149474E-05
  -7.23999065E-08  -1.44571698E-06  -5.93829782E-06
  -2.91127926E-05  -6.15446115E-05  -4.47855455E-05
   3.08247172E-06  -6.51933442E-06  -1.46111952E-05
   1.18951493E-05  -8.33180547E-06   8.77293769E-06
   4.40506410E-05   8.23965183E-06   4.30790806E-06
  -5.99425357E-06   4.29418324E-05  -4.60773299E-05
   1.65667298E-05   2.52730933E-05   5.49105653E-06
  -1.62302549E-05  -4.76372588E-06  -3.84214536E-06
  -5.38743870E-06  -3.44768487E-05  -3.71065726E-05
   3.33180760E-05   4.46233935E-05   1.14238474E-05
  -3.96301693E-05  -5.23796662E-05  -3.65247070E-05
  -1.71574593E-05  -1.07214564E-05  -4.18389354E-05
   3.49414199E-06  -5.78368554E-06   5.68325447E-07
  -9.79048673E-06   1.25653023E-05  -2.19260755E-06
  -1.18491398E-05   2.69127122E-06  -2.00724535E-05
  -2.56518924E-05  -5.33787943E-06   4.89678177E-06
  -2.19470421E-05   8.34121056E-06  -1.81903961E-05
   8.95610901E-06  -2.70447163E-06   8.06601838E-06
   9.08924358E-06  -1.75717960E-05   9.94031143E-06
   1.87319547E-05  -6.31960461E-07   1.31469119E-06
   1.31653442E-05  -4.11963720E-06   1.91406548E-06
  -1.76311914E-05   6.61860395E-05   2.00388949E-05
   1.41332634E-06  -1.59078954E-05  -1.31841534E-05
  -3.80775637E-05  -3.31414267E-05  -2.73545993E-05
   4.40815238E-05   6.46566889E-07  -1.65665315E-05
  -4.76429022E-06  -9.91671641E-06  -2.84882317E-05
   5.93143250E-06  -1.11325526E-05  -8.76276226E-06
  -4.85664932E-05   7.50972831E-05  -4.72480133E-05
   1.15328849E-05   2.37237673E-05  -8.92683602E-06
   7.89137118E-07  -7.74154068E-06  -1.14223149E-05
  -3.24997382E-05   1.65636047E-05   6.44577131E-06
   5.04690834E-05   2.55550094E-05   1.72421478E-05
   1.34711936E-05  -7.13003319E-05   3.92654183E-05
   1.61143325E-05  -2.49386147E-08  -1.13289443E-05
   3.34323922E-05   7.11615621E-06   5.59711771E-06
   9.57845714E-07   9.41000508E-06  -1.31851211E-05
  -3.36984558E-05   9.67406777E-06  -5.71326245E-06
  -1.26219177E-07   1.60028030E-05  -1.39248050E-05
  -1.52672892E-05  -1.83622687E-05   5.02793512E-07
  -2.53746493E-05   7.52391145E-07  -2.77356867E-06
   8.14625218E-06   1.13976885E-05  -2.39147412E-05
  -2.25256663E-05  -5.69596978E-07   2.79904316E-06
   8.06108874E-05   3.52698735E-05  -2.14576776E-05
   2.19492558E-05   4.13692618E-07  -7.78676076E-06
  -2.14837291E-06  -7.22103323E-06   6.07530865E-06
  -4.39511814E-06   2.09929590E-06  -7.16262593E-06
   9.41429278E-07  -3.28427377E-05  -4.31291909E-07
  -1.09403472E-05   3.23283416E-06   1.88322247E-05
  -2.54107072E-05   2.82071710E-06   4.88357728E-06
  -1.14627883E-05  -3.62614010E-05  -1.88672839E-05
   2.93999892E-05   6.26780275E-06   2.61606715E-06
   1.34259535E-05  -5.06610513E-06  -1.44875439E-05
   2.28222671E-05  -6.59158150E-06   1.29246610E-05
  -2.64893038E-06  -2.39658475E-05  -7.75505760E-06
   1.90470546E-05   2.32962357E-05   1.86080324E-05
   1.10118099E-05   7.10590029E-05  -9.56907570E-06
   1.95037319E-05   7.50746449E-06   2.85488022E-06
  -1.20505047E-05  -1.10318542E-05  -1.25109591E-05
  -1.90208993E-05  -1.65198690E-05   1.39533131E-05
  -2.42747683E-05  -5.54384424E-05  -7.54989305E-05
  -3.44589239E-06  -2.90870253E-06   5.62517471E-06
  -1.67551309E-06   7.08300320E-07   1.25016895E-05
  -2.29085053E-05   7.67794700E-06   8.78647552E-06
  -3.51869930E-05   2.07234552E-05  -7.09278964E-08
   2.98669402E-05  -3.53806900E-05  -7.79128641E-06
  -2.71008753E-06   5.49994456E-06  -4.22293442E-06
  -1.11887530E-05  -1.13683664E-05  -4.91311494E-06
  -1.10555366E-05   1.63878849E-05   5.16763407E-07
  -1.28875563E-05   2.38366774E-05  -3.80603669E-05
  -1.40659977E-05   4.92967956E-07  -5.00175247E-07
   3.22166197E-05  -5.70651036E-06   8.92305434E-06
  -1.94315344E-05  -3.02105600E-05   9.64590345E-06
  -1.41081491E-05  -2.08907045E-06  -1.27242702E-05
  -8.29812780E-06  -2.08785095E-05   4.13209409E-06
   2.34869294E-05   3.53196288E-06  -8.30927092E-06
  -1.47952214E-05  -1.92844618E-05   2.22329509E-05
   4.45933756E-06   6.55095391E-06   1.45916204E-06
   6.68045232E-06   1.69328232E-05  -8.84010024E-06
  -1.41287810E-05  -2.93183457E-05   2.14218780E-05
  -2.11094084E-05  -1.17904574E-05   1.52468201E-05
   1.91947420E-05  -6.75693009E-05   4.40857320E-06
   4.25408643E-06   3.65732812E-05  -6.39210293E-06
  -4.37363087E-05   2.36244923E-05   6.19050043E-05
  -8.51475306E-06  -2.69902157E-05   1.56350434E-05
  -2.05040146E-06  -1.10419501E-06   2.22073486E-05
  -8.82200311E-06   1.06904763E-05   2.15124874E-05
   2.51110333E-08   2.92408868E-06   1.99501446E-05
   3.12075354E-05  -5.48702737E-05  -6.08192158E-06
  -3.55431303E-06   1.40012080E-05   1.64434266E-06
   5.70229395E-06   3.43994980E-05   1.52538478E-05
   1.34527072E-05  -1.08411577E-05   1.41434439E-05
   2.31715367E-05  -2.00344152E-06  -1.93090523E-06
   1.71785450E-05  -3.53588221E-05   2.69108205E-05
  -1.75173955E-06  -3.71214583E-06  -1.33118938E-05
   3.98965676E-06  -1.70650655E-05  -7.21113247E-06
   4.00692297E-05  -4.26505467E-05  -4.08913911E-05
   5.42813950E-06  -2.39145265E-06  -8.42911595E-06
   1.12989683E-05  -8.26701489E-06   2.29269681E-05
   2.07112384E-06   2.44210496E-05  -6.82296604E-06
  -1.35618166E-05  -5.78252684E-06   1.94198892E-05
  -1.70580970E-05  -6.90416891E-06   3.65335036E-05
   6.90965453E-06  -1.47238040E-06  -1.21780367E-05
  -1.75422804E-06   1.09937801E-05  -4.19799653E-06
   1.13180677E-05  -5.76188768E-07  -5.48062098E-06
   1.18355601E-05  -2.76421051E-05   4.82159812E-05
   1.96296378E-06   3.86908432E-05  -4.18910204E-05
  -9.90952049E-06  -4.27035246E-07   1.69921514E-05
   4.90543498E-05  -9.52603878E-05  -6.58446515E-05
  -7.43752980E-06   3.74308765E-05   3.07216324E-05
   1.67973940E-06   2.21110495E-05  -9.99903841E-06
  -5.13767827E-06   3.78345649E-05   2.71772478E-05
   1.98481066E-05   3.05967951E-05  -2.06994664E-05
  -1.16288511E-05   8.38665528E-06  -3.39162834E-05
  -5.86367969E-06   9.41795770E-06   5.27737529E-06
   9.54188909E-06   4.23530691E-05  -3.58608522E-05
   3.97376753E-05   9.58350120E-06  -7.12318479E-06
  -2.58312934E-06   4.62620046E-05   1.92074840E-05
  -1.34569591E-05  -1.25668703E-05   1.73320896E-05
  -7.48334151E-06  -2.03590207E-05   3.71409988E-06
   2.57961256E-05   6.32230076E-05   3.31569099E-05
   2.08988422E-05   2.35925891E-05   8.18240460E-06
  -2.06965105E-05  -1.13221431E-05   1.27939279E-06
   4.95978111E-06   3.83116349E-05  -1.73987410E-05
   2.44379844E-05   2.70508281E-06   6.66779533E-06
  -3.36820231E-05   5.42830276E-05   1.95311150E-05
   1.65441998E-05  -2.96895596E-05   1.13358183E-05
   1.35342889E-05   3.46563070E-06  -2.91503443E-06
  -4.47777857E-05   3.65555825E-05   2.90088574E-05
   1.17930731E-05   2.45822866E-05  -9.00914256E-06
  -3.24802318E-06  -2.79197411E-06  -4.17845058E-06
   1.39932345E-05  -3.45522603E-05  -1.40574948E-05
   1.95498815E-05  -3.34712277E-05  -4.83386748E-06
   2.65169888E-06  -2.06969944E-05   2.97150982E-05
   1.17963828E-06   1.81795658E-05  -1.95363627E-05
  -2.07902249E-05   1.50717851E-05   2.69556094E-05
  -2.67512169E-05  -1.77123948E-05   1.94559107E-06
   1.49870966E-05  -4.27271698E-06  -7.60822604E-06
  -2.56317145E-09   3.13661553E-06  -4.44662983E-05
  -5.14514340E-06  -2.42742772E-05   2.88813026E-05
   4.09518725E-05  -1.27020658E-05  -8.98942108E-06
  -2.39793935E-05   7.90302124E-07   1.18506077E-05
   3.52386155E-06  -9.48163324E-06   2.47881289E-05
   5.33143202E-06  -4.31880926E-06   1.51483482E-05
   1.11433292E-05  -2.28584140E-05   1.43691877E-05
   3.66578606E-05  -2.04206790E-05   6.91795594E-06
  -6.56985276E-06   1.03765697E-05   1.01104001E-06
   1.04782239E-05   1.79529416E-05   2.13546446E-05
   3.47496134E-05   2.80718928E-06   3.66150452E-05
  -6.21378831E-07   1.14633003E-05  -1.89578113E-05
  -1.03504374E-06   3.12464290E-05  -2.00106351E-05
  -4.30543514E-06   3.01884502E-05   2.59304561E-05
  -5.73882380E-06  -9.60873876E-06  -2.26553202E-05
   7.90394370E-06  -9.00949271E-06   2.96483613E-05
  -6.46340341E-05   8.30669887E-05   8.06126409E-05
   2.85394690E-05  -1.34098282E-05  -9.70718702E-06
   3.06044672E-06   2.37500280E-05   7.24679421E-06
   7.69059625E-05   9.20487582E-06   4.96551147E-05
   1.09547564E-05   6.44951524E-06   1.22677079E-06
  -3.51609515E-06   1.37023526E-05  -5.72113604E-05
  -4.77978801E-06   1.15643606E-05  -1.62594097E-05
  -1.05232475E-05  -7.94571497E-06  -7.40523944E-07
  -2.07271969E-05   1.75867541E-07  -1.96460387E-05
   1.39769954E-05  -3.51200674E-06  -1.93273099E-05
   2.35978350E-05   3.14231584E-05  -2.77916915E-05
   2.65873314E-06   1.31821334E-05   1.32389168E-05
   1.98466969E-05   9.72371254E-06  -1.10517267E-05
  -3.46127817E-05   6.62723178E-05  -1.31648439E-05
   1.14758441E-05   2.10923845E-05  -9.50271806E-06
  -2.62042221E-07   1.02174281E-05   8.86704220E-06
   1.42705621E-05  -5.78432309E-06  -3.88178996E-05
  -4.16667099E-05   4.96761531E-05  -5.34817264E-05
  -1.30318112E-05  -2.73018759E-05   9.47595890E-06
  -2.76968512E-06  -3.67703906E-05   2.36418982E-05
  -1.48905374E-05  -2.17848287E-06  -2.29380839E-06
  -2.63134607E-05  -8.62936122E-06  -3.35556956E-06
  -2.78288826E-05  -1.30149783E-05   2.11012575E-05
  -3.42114788E-07  -1.96446417E-05  -4.67406653E-06
  -1.58009134E-05   2.42435690E-05  -1.33387348E-05
   9.44495605E-06  -1.36114231E-05   8.39145832E-06
  -1.25968345E-05  -3.98657312E-06  -1.84612566E-06
   8.59053398E-06   2.71815643E-05  -1.59499959E-05
  -1.24136886E-05   1.45460863E-05  -2.71318413E-06
  -3.85869134E-05   3.93116825E-05  -9.75049988E-06
   7.68589507E-06  -1.83443190E-05   2.05366377E-05
   2.81016491E-06   2.25263248E-05  -2.56919502E-05
   1.00803427E-05   2.60745328E-05  -5.63632011E-06
   1.36965173E-05  -4.24743957E-05   1.96917372E-05
   1.17947438E-05  -1.58009516E-05  -2.91803899E-05
  -5.81277482E-06  -1.62160522E-05   6.48965652E-05
  -9.13112035E-06  -2.90988646E-06   1.97006648E-05
  -3.16077239E-05  -1.64284029E-05  -4.73758446E-05
  -2.28045756E-05  -1.59635965E-06  -1.85070530E-06
   9.99453732E-06  -1.31462211E-05  -2.40064651E-06
  -8.83685698E-06   1.55196194E-05   1.03467964E-05
  -4.28226457E-07  -1.62558317E-05  -5.37364249E-05
   1.47779238E-05  -6.96355892E-06   3.14385898E-06
  -4.29858210E-06  -4.99210137E-06   1.74465731E-06
   6.48022797E-06  -2.61607465E-06   7.86627788E-06
  -9.43143459E-06   3.85450767E-06   1.91183881E-05
   1.59449082E-05   2.48331908E-05  -1.20155610E-05
   5.63318736E-06  -1.59934336E-06  -1.09438779E-05
   1.45986678E-06  -5.48051721E-05  -4.15617396E-05
  -1.80977459E-05   1.84250184E-05   7.96533823E-06
  -1.12154876E-05   2.25221829E-05  -6.71989710E-06
  -1.46497214E-05  -3.16956357E-05  -1.24856706E-06
  -3.92182301E-05   3.65229607E-05   4.07659281E-05
  -7.67487109E-06  -2.67939067E-05  -3.46531087E-05
   1.94499808E-05   2.77326726E-05   2.38368975E-05
   4.34865324E-05   9.45742522E-06   4.29043757E-06
   2.37450895E-05   3.42195817E-05   1.52233579E-05
  -9.83889095E-06   9.33163483E-06  -5.42136149E-06
   4.92940562E-05  -2.80318654E-05  -3.22607593E-05
   5.70710608E-06  -2.13576095E-06   1.37751604E-05
   2.47578701E-05  -1.36588606E-05   4.08632623E-05
   8.84513520E-06  -1.06860216E-05   7.27943689E-06
  -3.34740653E-05   4.16394396E-05  -2.03385753E-05
  -3.38068385E-05  -5.00666829E-06   9.51535981E-07
  -2.87391504E-05   7.29504427E-06   1.38895593E-05
   1.41337441E-05  -9.81491303E-06   1.09681869E-05
   6.01032161E-06   1.98754969E-05   3.09820316E-05
   5.01279283E-05  -3.37584679E-05   4.56885164E-06
  -9.63536877E-06  -1.41218770E-05  -1.47671835E-06
  -1.06257748E-05   5.91003982E-06   1.55039525E-05
   2.44427702E-06   6.25286566E-06   2.70695964E-05
  -1.03113862E-05   9.63188268E-06  -8.61973422E-06
   1.21118137E-05   2.23436691E-05  -1.37458483E-05
   8.01213628E-06   9.12436690E-07   6.63159381E-06
  -8.91167474E-06  -1.09495286E-05   2.17007182E-05
  -1.90749306E-05   2.33260494E-06  -4.66726087E-05
  -1.30533126E-05  -1.26452196E-05  -3.26534678E-06
  -5.55832848E-05   8.59110696E-06   2.49641835E-06
  -8.95019912E-06  -2.47738244E-05  -1.61955213E-05
   4.63239303E-06  -6.22479820E-06  -3.16882069E-05
   1.88846934E-05   5.27951779E-05   9.81070934E-06
  -3.69638219E-05   1.65903657E-05  -1.54199533E-05
  -1.28102256E-05   2.11831684E-06  -7.05399088E-06
  -3.73931689E-05  -1.41926712E-05  -1.87017322E-05
  -4.55296231E-06  -2.28544413E-05   1.42521749E-05
  -8.63589958E-06  -6.20273752E-08   2.50805060E-05
   2.53780890E-05   9.77166837E-06  -1.96547535E-05
   1.04746414E-05  -8.51591903E-06   1.00268767E-06
   6.19171260E-06  -9.95839400E-07   3.98269149E-05
  -1.08190479E-05   5.24697998E-06  -1.08616032E-05
   5.38748736E-06  -5.38037239E-06  -1.13796759E-05
   3.91269032E-06  -5.23389463E-06  -8.06845583E-06
   3.23424661E-06  -3.55565521E-06   8.05793388E-06
  -2.31464746E-05  -3.97084150E-05  -2.04661301E-05
   8.57578743E-06  -2.34156087E-05   5.78413164E-06
  -4.19398712E-05  -5.75887225E-06   2.06844634E-05
  -5.17271792E-06  -3.11687691E-05   7.62475747E-06
  -1.27594767E-05   1.58757703E-05  -3.62746759E-05
   1.14735676E-05   3.21100515E-06  -6.29588021E-06
   2.77649360E-06  -2.86158843E-06   1.33580534E-05
  -6.77037497E-06  -2.19154244E-05   9.35511071E-06
  -4.73731234E-05  -3.45818153E-05   1.54676254E-05
   1.30376029E-05   3.29125251E-05   1.46664706E-05
  -1.24448334E-05   5.33732373E-06  -9.73463284E-06
   2.48670513E-05   1.70907206E-05  -1.81132771E-06
  -1.34859715E-06   4.85197270E-05  -2.17576362E-05
   1.47066467E-05  -6.90859997E-06   2.54099768E-06
  -7.42436760E-06  -3.13340774E-06   3.94590461E-05
  -3.94840208E-06  -9.24907363E-06  -9.78440039E-06
   1.19998667E-05  -4.10691537E-05   3.83290899E-06
   7.09723145E-06  -8.90829051E-06  -2.65064864E-06
  -3.73835428E-06   2.40168083E-06  -2.51102938E-05
  -8.42098234E-06   1.87365949E-05  -1.96811561E-05
  -6.89791250E-06   8.11037899E-06   1.03529092E-05
  -9.18963622E-07  -1.39764616E-05   6.28239422E-06
   1.25864726E-05  -3.88094895E-06   2.13629864E-05
  -3.45725057E-05   1.73077369E-05   6.29271608E-06
  -4.28708881E-06  -6.72076494E-05  -2.25739313E-06
   9.00616851E-06   4.57457427E-05   1.50885353E-05
   5.59131195E-07  -1.67426208E-07  -2.51045367E-05
   7.60879448E-06  -1.51850772E-05   9.26051416E-06
  -4.08845290E-06  -3.00905049E-06  -4.67572499E-06
  -1.17756399E-05   3.77434153E-05  -2.36813994E-05
   3.31006268E-05   3.31113770E-05   7.12238830E-07
   8.44387978E-06   2.06517980E-05   9.60165744E-06
   2.61280684E-06  -5.72674617E-06  -9.89698765E-06
  -7.53362701E-06   7.78990943E-06  -8.10867641E-06
  -1.78036498E-05   3.49975890E-05   7.49902301E-06
  -3.69234804E-05  -2.25712847E-05  -1.88482954E-05
   3.80750535E-05  -7.23157609E-06  -1.14033119E-05
  -2.10448070E-05  -3.19646506E-06  -7.89181740E-06
  -1.27076091E-05   1.92086603E-07  -9.53825929E-06
   2.59707631E-05   5.07632285E-06  -9.76766296E-06
  -5.52772281E-06  -3.15617672E-06  -2.58788150E-05
   2.21708615E-06  -2.80090917E-05  -3.03261568E-05
  -1.78802748E-05  -4.53542179E-06  -8.52458925E-06
   1.63125351E-05  -2.73044625E-05  -8.60277578E-06
   2.33804167E-05   3.30368239E-05  -3.47908681E-05
   3.45076137E-06  -1.02656031E-05  -2.99403073E-05
  -4.49201525E-06  -1.87867281E-05  -3.48019785E-05
  -1.34992233E-05  -7.38073277E-06   6.06673348E-06
   5.83346855E-06   4.39239284E-06   4.71094791E-06
   2.05504384E-05  -3.68045330E-05  -2.23964025E-06
   8.99701809E-06   1.37124307E-05   3.83769875E-05
  -1.05864601E-05  -2.71490935E-05   3.14861391E-05
   2.60348679E-05   1.15257092E-06  -1.80762727E-05
   3.16787464E-07   1.06119724E-05  -1.20592199E-06
  -2.21034734E-05  -1.59140891E-05  -5.41354057E-05
   1.59302526E-05   3.26484337E-06   7.07218896E-06
  -2.38990215E-05  -1.16958336E-05  -3.21134430E-05
   4.72219000E-07  -9.63607454E-06   1.46282105E-07
  -2.41093949E-05   2.76169794E-05  -9.84101553E-06
   1.71157953E-05   1.81156611E-05  -4.83991107E-06
   8.22684160E-06   1.16468955E-05   1.00071711E-05
  -8.17218370E-06   4.61171021E-06  -9.16707359E-06
  -2.13656676E-05  -6.55987824E-05   1.54966856E-05
   2.16578446E-05   1.81347732E-05   5.97393591E-06
  -6.19687989E-06  -3.55573525E-06  -2.10714516E-05
  -3.45028729E-06   1.43019452E-05   6.38861411E-06
   2.06258628E-05   2.57790944E-05   3.46568704E-05
  -2.51854581E-05   2.12852228E-05   1.31108018E-05
  -3.64035732E-05  -9.63362891E-06  -6.78939341E-06
   3.30155344E-05   4.47874008E-05   5.99163650E-06
   2.01925595E-05   2.68012542E-07   4.20370543E-06
  -2.04345597E-05   3.81735117E-06   8.11614791E-06
  -1.17507921E-06  -3.37117199E-05  -2.82807032E-05
  -2.32736274E-05   3.00170996E-05   1.10809233E-05
   1.67282906E-05  -1.46584453E-05   1.76172034E-06
  -1.17768413E-05   6.27774443E-06  -5.63157432E-09
  -6.91154401E-06   1.66025311E-05   8.59684224E-06
  -3.47039213E-06   4.74745502E-06   8.40644498E-06
  -2.61901714E-05  -1.44436717E-05   1.25491651E-05
   2.70430542E-06  -2.21740665E-05   1.08774302E-05
  -2.20692891E-05  -3.49038237E-05  -5.06427887E-06
  -1.75215664E-05  -2.46526215E-05  -1.01605256E-05
  -1.31378465E-05   1.27851290E-05  -7.73368629E-06
   1.48051577E-05  -6.83295139E-06   1.92189800E-05
   8.13715815E-06  -2.78589550E-06   9.64942319E-06
   1.02707190E-05  -6.52134113E-05   4.53172433E-05
   7.58871147E-06  -1.77092679E-05   3.27872090E-06
   3.18154052E-05  -1.18055441E-05   1.48550926E-05
  -1.75217956E-05   1.79369272E-05   9.72073940E-06
  -2.62343619E-05  -3.55258380E-05  -2.54633869E-05
  -1.15431912E-05   1.73975677E-05  -8.42305508E-06
  -2.07107259E-05   5.13512387E-05   4.20891374E-05
   2.29014913E-05   3.30322655E-05   1.11800928E-05
   1.01944497E-05  -2.60141837E-06   9.05457625E-07
  -1.04594019E-05   1.84860858E-06   2.80770164E-05
  -1.78936698E-05  -1.57371942E-05   1.96789151E-05
   5.20332605E-06   1.85736862E-05  -2.34565687E-05
   4.41926204E-05  -1.07335964E-05   4.27500390E-06
   1.62015817E-06  -7.84511394E-06  -4.33008208E-05
  -4.93434600E-05  -2.15604155E-06   3.87064611E-05
   2.97137285E-05   4.20214565E-06  -1.07694887E-05
   6.73473369E-06  -1.36017698E-05  -3.76852563E-06
   9.47319768E-06   1.32043215E-05   2.46636992E-05
   1.62270335E-05   2.70485384E-06  -4.46841250E-06
   4.10199500E-05  -8.79330128E-06   9.48383604E-06
  -1.12762393E-06  -1.13240674E-06   2.30072128E-05
   1.92586776E-05   5.10632599E-05  -3.06933325E-05
  -1.93930791E-05  -6.94332221E-06  -2.76132887E-05
  -1.36474164E-05   3.61961497E-06  -2.30885030E-06
  -6.03829858E-06   9.26889697E-07  -3.69167719E-05
  -1.72345899E-05  -3.39648323E-05   1.52748999E-05
  -7.16246313E-06  -9.94569655E-06   5.79772677E-06
   2.65616854E-05   2.05795423E-05   1.75024695E-06
  -4.21308550E-06  -2.99787644E-06  -2.10431494E-06
  -7.73943339E-06  -2.32871262E-05   2.27394594E-05
  -1.05972485E-05  -3.34077117E-06  -1.89719321E-05
  -3.69416448E-05   3.38113705E-06  -1.98998314E-05
  -9.25837139E-06   3.62277569E-06  -4.85559685E-05
   4.63931156E-06   4.35468282E-05  -1.08280883E-05
   2.77064410E-05   4.79910195E-05  -9.87180738E-06
   8.84030942E-06   1.46571329E-05   2.25348667E-05
  -4.44320813E-06   1.79152157E-05   1.95379489E-05
  -1.81637552E-05   6.38345455E-06  -5.62199875E-06
  -1.08303229E-05  -1.58480671E-05   1.39926951E-05
   1.15390430E-05   7.27338829E-06   1.84820619E-05
   1.07366222E-05  -7.46573050E-06   8.01707756E-06
  -6.64277613E-05   1.66419322E-05   2.18893874E-05
   1.33281674E-05  -1.63107197E-05  -1.93214328E-05
  -1.03815164E-05   9.11695497E-06   1.70360399E-05
   4.01085126E-05  -4.17531010E-05  -6.94065648E-06
  -3.72254794E-06  -4.48500941E-05  -1.24237624E-06
  -7.65454115E-06  -2.93740068E-05  -1.73900553E-05
   1.98697194E-06  -3.02598874E-05   1.95018474E-05
  -3.47602690E-06  -7.44521594E-06  -4.52684526E-06
   2.92671957E-05  -1.30663657E-05  -5.05812704E-06
  -1.70256608E-05  -1.43519455E-05  -1.19725573E-05
  -3.43020884E-06   2.69624525E-06   7.42181498E-07
  -3.45031663E-06  -3.23076238E-05  -1.44139381E-06
  -1.44769865E-05  -8.39602137E-07  -1.10933206E-05
  -6.86614203E-06  -3.34334504E-06  -1.24765802E-06
   1.18807720E-05  -1.50637379E-05  -1.11988002E-05
   5.48371054E-06  -4.66730580E-06   4.47969751E-06
  -1.18985226E-05   7.93977961E-06  -3.70462658E-06
   4.86151339E-06   1.02688346E-05  -2.49250911E-06
   3.33278040E-05   1.89007551E-05  -2.79243686E-05
  -2.14716074E-05   9.96644417E-07  -2.00993072E-05
  -1.32240602E-05   1.46556056E-06  -1.68416463E-07
  -2.28850404E-05  -7.00028249E-06  -6.33106265E-06
   3.18004422E-05   5.28200617E-05   7.17972944E-05
   1.31110637E-05   6.52705876E-06   2.47125718E-05
   1.42766985E-05  -1.33396998E-06   1.53616711E-05
   2.00910417E-05  -3.50273440E-05   6.16899888E-06
   3.53254245E-06   1.15077671E-06  -2.76990545E-06
   1.55418820E-05   1.46973525E-05   3.26475201E-05
   1.91337185E-05  -6.67090944E-06   3.25972687E-05
   3.27104345E-07  -5.60312901E-06  -4.18344189E-06
   7.59204454E-07  -2.72545494E-05  -1.25774259E-05
   1.25687648E-05  -4.05630090E-06   3.88455464E-06
  -1.50311998E-05  -6.14612782E-06   2.09678819E-05
   1.91644940E-05  -1.15029061E-05  -7.10100176E-06
  -2.80549266E-05   4.92558229E-06   9.03866476E-06
  -1.26174291E-05  -2.87380935E-05   2.20292095E-05
   1.63991772E-05  -3.09658681E-05  -1.48357312E-05
  -1.23118425E-05   9.83553946E-07   4.33621744E-06
   2.96741964E-05  -2.97870283E-05  -2.06813274E-05
  -4.20906181E-05   2.50928933E-05   5.65006667E-06
   1.44895812E-05   4.42605096E-06   9.69415578E-06
  -7.04047634E-05  -5.61420711E-06  -1.81767828E-05
   1.38228443E-05   1.43497782E-05   2.61572932E-05
  -5.02548392E-05  -9.22492927E-06   2.97863116E-05
  -1.67741255E-05  -1.93143314E-05   7.35191406E-06
  -1.20769582E-05  -1.80470088E-05   1.80596144E-05
   3.85248404E-06   1.76391677E-05  -1.99579677E-06
   1.19252027E-05  -1.18692674E-06  -1.13317346E-05
  -2.21344235E-05  -1.58047642E-05  -1.87503756E-05
  -1.24603525E-06   1.44854930E-05  -1.28963256E-05
   5.57791827E-06   1.07292499E-05  -4.36632690E-05
  -2.48665401E-05  -5.33695020E-05   1.67548944E-06
   4.61161217E-05   4.23180827E-05  -2.97500515E-06
   1.79383351E-05   3.75903574E-06  -2.80942131E-05
   2.47529133E-05   1.25019315E-05  -2.16874446E-06
  -3.01944806E-06  -2.63703942E-06   6.72269671E-05
  -1.69836756E-06   5.74383103E-06  -1.41897146E-07
  -1.45939941E-06   1.23961972E-05   1.54320060E-05
  -4.58829788E-07   2.32752564E-06   8.18581520E-06
  -2.87830535E-05  -1.50152464E-05  -6.23985325E-05
   5.67722554E-06   1.46428306E-06  -1.60617728E-05
  -4.68281869E-05   1.39093081E-05  -1.65652418E-05
  -3.89117531E-06  -1.91646141E-05  -1.10528563E-05
   4.75641900E-05  -8.72529290E-06  -6.28528414E-06
  -1.11507597E-05   2.70761357E-05   2.54350816E-05
   8.27548376E-07   1.87115791E-06   1.55341309E-06
  -6.29151191E-06  -4.66827441E-06   1.35589071E-05
   7.25572318E-05   1.52557031E-05  -9.51115635E-06
   1.44511969E-05   1.29863492E-05   1.59236733E-05
  -1.46257416E-05   2.55837767E-05  -3.34970428E-05
   1.50213673E-05  -4.33633750E-06  -1.63205164E-06
   5.33307593E-06  -2.43121904E-05   2.70356704E-05
   1.86926609E-05  -3.03670604E-05   2.36235992E-05
   7.20171420E-06  -6.61285958E-06  -6.75750425E-06
  -1.62559736E-05  -2.40061308E-05  -2.58761756E-05
   1.64298071E-05   7.73686952E-06   7.41878102E-06
   2.88662977E-05   3.53062605E-05   1.83512784E-05
   3.22927235E-06   2.23035886E-06  -8.52590438E-06
  -3.80143974E-05   5.26538752E-05  -1.05399531E-05
   2.03950058E-05  -4.71116073E-05  -1.24538519E-06
  -9.24550659E-06  -1.02353079E-05  -3.87773207E-06
  -1.36104484E-06   2.33812007E-05   3.65044389E-06
   2.07853809E-05  -2.13514522E-05   1.51981922E-05
  -7.96629774E-06  -1.50945998E-05   4.80762401E-06
  -2.58079799E-05  -2.36630840E-05   1.88455051E-05
   9.26290704E-06  -3.31751630E-06  -3.88026183E-06
  -3.43286993E-05   2.25036911E-05  -1.41111659E-05
   5.35580402E-05  -9.24768538E-05  -3.46858069E-05
   1.07995338E-05   4.22477206E-06   2.18054483E-05
  -1.60407453E-05   3.08764502E-05   3.66623826E-05
   4.63654469E-05  -9.19903596E-06  -1.45682077E-06
   4.90870252E-06   3.54227341E-05   2.62656940E-05
  -3.57092563E-06   2.12672767E-05  -8.53919801E-07
  -4.57072883E-06  -4.30374857E-05   2.95866703E-05
  -1.88581234E-05  -3.82913731E-06   1.60187847E-05
   1.50654005E-05   9.76839965E-06   1.84461987E-06
  -9.27370093E-06  -2.54110582E-05  -1.00727038E-05
   7.60615294E-05  -1.05016143E-05  -7.82471761E-06
  -3.14715471E-05   2.90142980E-05  -1.85106073E-05
  -8.46974035E-06   1.02349559E-05  -1.61149273E-06
  -2.86305180E-06   3.36788216E-05   2.92555796E-06
   1.97339086E-05  -2.79631404E-05   7.95019605E-06
   1.69084924E-05   3.53601672E-06  -2.26970642E-05
   2.78564858E-05   3.52830853E-06  -7.44973886E-06
  -2.99899584E-05   1.65627607E-05  -1.78636401E-05
