       30100  221            0   0.00000000    
       30100  311          203   3.10587510E-02
       30100  321            0   0.00000000    
       30100  421          154   2.35618111E-02
       30100  422          345   5.27845770E-02
       30100  433         1491  0.228121176    
       30100  441            2   3.05997557E-04
       30100  444          741  0.113372095    
       30100  544         1135  0.173653618    
       30100  555         1325  0.202723384    
       30100  665          338   5.17135859E-02
       30100  666          778  0.119033046    
       30200  221            0   0.00000000    
       30200  311          186   2.82417256E-02
       30200  321            0   0.00000000    
       30200  421          223   3.38597037E-02
       30200  422          644   9.77831781E-02
       30200  433         1118  0.169754028    
       30200  441          486   7.37928972E-02
       30200  444          829  0.125873059    
       30200  544         1322  0.200728819    
       30200  555         1588  0.241117522    
       30200  665          317   4.81324010E-02
       30200  666          788  0.119647741    
       30300  221            0   0.00000000    
       30300  311          181   2.76462510E-02
       30300  321            0   0.00000000    
       30300  421          105   1.60378795E-02
       30300  422          805  0.122957081    
       30300  433         1457  0.222544670    
       30300  441          322   4.91828322E-02
       30300  444          517   7.89674670E-02
       30300  544         1523  0.232625633    
       30300  555         1697  0.259202689    
       30300  665          523   7.98839182E-02
       30300  666          965  0.147395760    
       30400  221            0   0.00000000    
       30400  311          180   2.73597818E-02
       30400  321            0   0.00000000    
       30400  421          106   1.61118712E-02
       30400  422          298   4.52956371E-02
       30400  433         1007  0.153062776    
       30400  441          192   2.91837659E-02
       30400  444         1005  0.152758777    
       30400  544         1168  0.177534580    
       30400  555         1853  0.281653732    
       30400  665           88   1.33758932E-02
       30400  666          629   9.56072360E-02
       30500  221            0   0.00000000    
       30500  311          168   2.56214738E-02
       30500  321            0   0.00000000    
       30500  421          123   1.87585782E-02
       30500  422          636   9.69955772E-02
       30500  433         1430  0.218087539    
       30500  441            2   3.05017544E-04
       30500  444          569   8.67774934E-02
       30500  544          988  0.150678664    
       30500  555         1805  0.275278330    
       30500  665          412   6.28336146E-02
       30500  666         1024  0.156168982    
       30600  221            0   0.00000000    
       30600  311          655   9.98932421E-02
       30600  321          491   7.48818070E-02
       30600  421          398   6.06984906E-02
       30600  422          710  0.108281225    
       30600  433         1310  0.199786484    
       30600  441           34   5.18529816E-03
       30600  444          739  0.112703979    
       30600  544         1136  0.173249960    
       30600  555          121   1.84535608E-02
       30600  665          152   2.31813323E-02
       30600  666          355   5.41406125E-02
       30700  221            0   0.00000000    
       30700  311          151   2.27375403E-02
       30700  321            0   0.00000000    
       30700  421           95   1.43050747E-02
       30700  422          211   3.17723230E-02
       30700  433          958  0.144255385    
       30700  441            0   0.00000000    
       30700  444          621   9.35100168E-02
       30700  544         1381  0.207950607    
       30700  555          451   6.79114610E-02
       30700  665          413   6.21894300E-02
       30700  666          327   4.92395721E-02
       30800  221            0   0.00000000    
       30800  311          172   2.61955522E-02
       30800  321            0   0.00000000    
       30800  421          119   1.81236677E-02
       30800  422          253   3.85318324E-02
       30800  433         1553  0.236521468    
       30800  441           69   1.05086807E-02
       30800  444          718  0.109351203    
       30800  544         1086  0.165397495    
       30800  555           22   3.35059408E-03
       30800  665          448   6.82302788E-02
       30800  666          448   6.82302788E-02
       30900  221          215   3.25658880E-02
       30900  311          544   8.23992714E-02
       30900  321           93   1.40866404E-02
       30900  421          210   3.18085440E-02
       30900  422          515   7.80066624E-02
       30900  433         1302  0.197212964    
       30900  441          233   3.52923349E-02
       30900  444          552   8.36110264E-02
       30900  544          959  0.145259008    
       30900  555          247   3.74129042E-02
       30900  665          500   7.57346228E-02
       30900  666           31   4.69554681E-03
       31000  221            8   1.21580542E-03
       31000  311          170   2.58358661E-02
       31000  321           14   2.12765951E-03
       31000  421          591   8.98176283E-02
       31000  422          303   4.60486338E-02
       31000  433         1475  0.224164128    
       31000  441           14   2.12765951E-03
       31000  444          870  0.132218838    
       31000  544         1151  0.174924016    
       31000  555          355   5.39513677E-02
       31000  665           14   2.12765951E-03
       31000  666          476   7.23404288E-02
       31100  221            0   0.00000000    
       31100  311          146   2.21346263E-02
       31100  321          468   7.09520951E-02
       31100  421          568   8.61127973E-02
       31100  422          247   3.74469385E-02
       31100  433         1065  0.161461487    
       31100  441           60   9.09642223E-03
       31100  444         1006  0.152516678    
       31100  544         1183  0.179351121    
       31100  555           64   9.70285013E-03
       31100  665           23   3.48696182E-03
       31100  666          185   2.80473009E-02
       31200  221            0   0.00000000    
       31200  311          148   2.26057731E-02
       31200  321            0   0.00000000    
       31200  421          116   1.77180395E-02
       31200  422          260   3.97128463E-02
       31200  433         1056  0.161295250    
       31200  441          271   4.13930044E-02
       31200  444          803  0.122651599    
       31200  544          983  0.150145099    
       31200  555           14   2.13838392E-03
       31200  665           53   8.09531100E-03
       31200  666           10   1.52741710E-03
       31300  221            0   0.00000000    
       31300  311          170   2.60696206E-02
       31300  321            0   0.00000000    
       31300  421          110   1.68685783E-02
       31300  422          292   4.47784066E-02
       31300  433         1188  0.182180643    
       31300  441            0   0.00000000    
       31300  444          694  0.106425397    
       31300  544         1555  0.238460362    
       31300  555          484   7.42217451E-02
       31300  665           15   2.30026059E-03
       31300  666          435   6.67075589E-02
       31400  221            0   0.00000000    
       31400  311          143   2.14876030E-02
       31400  321            0   0.00000000    
       31400  421          115   1.72802396E-02
       31400  422          298   4.47783619E-02
       31400  433         1437  0.215927869    
       31400  441          254   3.81667912E-02
       31400  444          716  0.107588276    
       31400  544         1300  0.195341855    
       31400  555          252   3.78662646E-02
       31400  665          405   6.08564988E-02
       31400  666          500   7.51314834E-02
       31500  221            0   0.00000000    
       31500  311          167   2.53529679E-02
       31500  321            0   0.00000000    
       31500  421          131   1.98876578E-02
       31500  422          490   7.43889511E-02
       31500  433         1270  0.192804009    
       31500  441          233   3.53727043E-02
       31500  444          726  0.110217094    
       31500  544         1240  0.188249588    
       31500  555          368   5.58676198E-02
       31500  665          246   3.73462886E-02
       31500  666          405   6.14847429E-02
       31600  221            0   0.00000000    
       31600  311          173   2.64001228E-02
       31600  321            0   0.00000000    
       31600  421          125   1.90752335E-02
       31600  422          415   6.33297712E-02
       31600  433         1538  0.234701663    
       31600  441          168   2.56371126E-02
       31600  444          652   9.94964167E-02
       31600  544         1215  0.185411260    
       31600  555          186   2.83839460E-02
       31600  665          125   1.90752335E-02
       31600  666          274   4.18129116E-02
       31700  221          327   4.89008538E-02
       31700  311          198   2.96096914E-02
       31700  321           31   4.63586068E-03
       31700  421          392   5.86212054E-02
       31700  422          283   4.23209220E-02
       31700  433         1108  0.165694624    
       31700  441          112   1.67489164E-02
       31700  444          640   9.57080871E-02
       31700  544          957  0.143113509    
       31700  555          449   6.71452060E-02
       31700  665          152   2.27306709E-02
       31700  666          112   1.67489164E-02
       31800  221           31   4.69412468E-03
       31800  311          375   5.67837656E-02
       31800  321           31   4.69412468E-03
       31800  421          293   4.43670489E-02
       31800  422          739  0.111901879    
       31800  433         1366  0.206844330    
       31800  441          497   7.52574205E-02
       31800  444          675  0.102210782    
       31800  544         1216  0.184130833    
       31800  555          405   6.13264702E-02
       31800  665          330   4.99697141E-02
       31800  666          491   7.43488818E-02
       31900  221          418   6.34101927E-02
       31900  311          177   2.68507283E-02
       31900  321          486   7.37257302E-02
       31900  421          541   8.20691735E-02
       31900  422          484   7.34223276E-02
       31900  433         1187  0.180066749    
       31900  441          490   7.43325278E-02
       31900  444          958  0.145327672    
       31900  544         1492  0.226334944    
       31900  555          472   7.16019422E-02
       31900  665           60   9.10194218E-03
       31900  666          472   7.16019422E-02
       32000  221            0   0.00000000    
       32000  311          158   2.39176508E-02
       32000  321            0   0.00000000    
       32000  421          136   2.05873456E-02
       32000  422          199   3.01241297E-02
       32000  433         1474  0.223130494    
       32000  441           47   7.11474428E-03
       32000  444          515   7.79594332E-02
       32000  544         1036  0.156827122    
       32000  555           30   4.54132585E-03
       32000  665          199   3.01241297E-02
       32000  666          271   4.10233140E-02
       32100  221            0   0.00000000    
       32100  311          150   2.26278473E-02
       32100  321            0   0.00000000    
       32100  421          194   2.92653497E-02
       32100  422          763  0.115100317    
       32100  433         1427  0.215266258    
       32100  441          300   4.52556945E-02
       32100  444          559   8.43264461E-02
       32100  544         1391  0.209835574    
       32100  555          397   5.98883703E-02
       32100  665          397   5.98883703E-02
       32100  666           86   1.29732993E-02
       32200  221            0   0.00000000    
       32200  311          237   3.60182375E-02
       32200  321          424   6.44376874E-02
       32200  421          548   8.32826719E-02
       32200  422          293   4.45288755E-02
       32200  433         1138  0.172948331    
       32200  441          435   6.61094189E-02
       32200  444          607   9.22492370E-02
       32200  544         1346  0.204559267    
       32200  555           33   5.01519768E-03
       32200  665          327   4.96960469E-02
       32200  666           69   1.04863225E-02
       32300  221            0   0.00000000    
       32300  311          120   1.81845743E-02
       32300  321           64   9.69843939E-03
       32300  421          424   6.42521605E-02
       32300  422          540   8.18305835E-02
       32300  433         1489  0.225640252    
       32300  441          355   5.37960306E-02
       32300  444          653   9.89543870E-02
       32300  544         1473  0.223215640    
       32300  555          476   7.21321404E-02
       32300  665          435   6.59190789E-02
       32300  666          424   6.42521605E-02
       32400  221            0   0.00000000    
       32400  311          151   2.27958933E-02
       32400  321           54   8.15217383E-03
       32400  421          543   8.19746405E-02
       32400  422          434   6.55193254E-02
       32400  433         1052  0.158816427    
       32400  441           33   4.98188427E-03
       32400  444          941  0.142059177    
       32400  544          934  0.141002417    
       32400  555          394   5.94806746E-02
       32400  665          371   5.60084544E-02
       32400  666           33   4.98188427E-03
       32500  221            0   0.00000000    
       32500  311          206   3.13880853E-02
       32500  321            0   0.00000000    
       32500  421          146   2.22459249E-02
       32500  422          276   4.20539379E-02
       32500  433         1035  0.157702267    
       32500  441            0   0.00000000    
       32500  444          963  0.146731675    
       32500  544         1528  0.232820362    
       32500  555          374   5.69861345E-02
       32500  665          374   5.69861345E-02
       32500  666          313   4.76916060E-02
       32600  221           28   4.25015157E-03
       32600  311          304   4.61445041E-02
       32600  321          125   1.89738926E-02
       32600  421          386   5.85913770E-02
       32600  422          333   5.05464487E-02
       32600  433         1263  0.191712201    
       32600  441          234   3.55191268E-02
       32600  444          994  0.150880381    
       32600  544         1325  0.201123253    
       32600  555          374   5.67698851E-02
       32600  665           23   3.49119608E-03
       32600  666           41   6.22343644E-03
       32700  221            0   0.00000000    
       32700  311          141   2.13377718E-02
       32700  321            0   0.00000000    
       32700  421          128   1.93704609E-02
       32700  422          697  0.105478205    
       32700  433         1479  0.223819613    
       32700  441          374   5.65980636E-02
       32700  444          570   8.62590820E-02
       32700  544         1070  0.161924943    
       32700  555           23   3.48062953E-03
       32700  665           60   9.07990336E-03
       32700  666          474   7.17312321E-02
       32800  221            0   0.00000000    
       32800  311          416   6.33759871E-02
       32800  321          229   3.48872654E-02
       32800  421          201   3.06215715E-02
       32800  422          375   5.71298003E-02
       32800  433         1219  0.185709938    
       32800  441           71   1.08165750E-02
       32800  444          595   9.06459466E-02
       32800  544         1246  0.189823285    
       32800  555          106   1.61486901E-02
       32800  665          229   3.48872654E-02
       32800  666          113   1.72151122E-02
       32900  221            0   0.00000000    
       32900  311          151   2.29937565E-02
       32900  321            0   0.00000000    
       32900  421          167   2.54301820E-02
       32900  422          640   9.74569842E-02
       32900  433         1362  0.207400635    
       32900  441           71   1.08116344E-02
       32900  444          741  0.112836912    
       32900  544         1320  0.201005027    
       32900  555          106   1.61413122E-02
       32900  665           71   1.08116344E-02
       32900  666            8   1.21821230E-03
       33000  221            0   0.00000000    
       33000  311          182   2.75340397E-02
       33000  321            0   0.00000000    
       33000  421          132   1.99697427E-02
       33000  422          220   3.32829058E-02
       33000  433         1163  0.175945535    
       33000  441          471   7.12556764E-02
       33000  444          646   9.77307111E-02
       33000  544         1118  0.169137672    
       33000  555           71   1.07413009E-02
       33000  665          106   1.60363093E-02
       33000  666          107   1.61875952E-02
       33100  221            0   0.00000000    
       33100  311          183   2.76518594E-02
       33100  321            0   0.00000000    
       33100  421          109   1.64702330E-02
       33100  422          301   4.54820171E-02
       33100  433          995  0.150347531    
       33100  441            0   0.00000000    
       33100  444          518   7.82713816E-02
       33100  544          983  0.148534298    
       33100  555           86   1.29948622E-02
       33100  665           23   3.47537012E-03
       33100  666          271   4.09489274E-02
       33200  221            0   0.00000000    
       33200  311          233   3.57691124E-02
       33200  321            0   0.00000000    
       33200  421          639   9.80964079E-02
       33200  422          318   4.88179289E-02
       33200  433         1101  0.169020578    
       33200  441           34   5.21952705E-03
       33200  444          554   8.50475878E-02
       33200  544         1100  0.168867052    
       33200  555           47   7.21522886E-03
       33200  665          225   3.45409885E-02
       33200  666           34   5.21952705E-03
       33300  221           49   7.41749909E-03
       33300  311          550   8.32576454E-02
       33300  321           26   3.93581577E-03
       33300  421          192   2.90644877E-02
       33300  422          605   9.15834084E-02
       33300  433         1373  0.207841352    
       33300  441          271   4.10233140E-02
       33300  444          885  0.133969113    
       33300  544         1330  0.201332122    
       33300  555          348   5.26793823E-02
       33300  665          271   4.10233140E-02
       33300  666          112   1.69542842E-02
       33400  221            0   0.00000000    
       33400  311          181   2.75956709E-02
       33400  321            0   0.00000000    
       33400  421          367   5.59536517E-02
       33400  422          450   6.86080232E-02
       33400  433         1204  0.183564574    
       33400  441          390   5.94602823E-02
       33400  444          996  0.151852414    
       33400  544         1184  0.180515319    
       33400  555          495   7.54688233E-02
       33400  665           86   1.31117553E-02
       33400  666           61   9.30019841E-03
       33500  221          124   1.87169816E-02
       33500  311          635   9.58490595E-02
       33500  321          347   5.23773581E-02
       33500  421          386   5.82641512E-02
       33500  422          391   5.90188690E-02
       33500  433         1008  0.152150944    
       33500  441          234   3.53207551E-02
       33500  444          726  0.109584905    
       33500  544         1093  0.164981127    
       33500  555          265   3.99999991E-02
       33500  665           47   7.09433947E-03
       33500  666           47   7.09433947E-03
       33600  221            0   0.00000000    
       33600  311          158   2.42071394E-02
       33600  321            0   0.00000000    
       33600  421          178   2.72713341E-02
       33600  422          400   6.12838976E-02
       33600  433         1448  0.221847713    
       33600  441           30   4.59629251E-03
       33600  444          513   7.85965994E-02
       33600  544         1326  0.203156114    
       33600  555          152   2.32878812E-02
       33600  665          152   2.32878812E-02
       33600  666          152   2.32878812E-02
       33700  221            0   0.00000000    
       33700  311          203   3.07855625E-02
       33700  321          133   2.01698523E-02
       33700  421          492   7.46132880E-02
       33700  422          383   5.80831058E-02
       33700  433         1112  0.168638155    
       33700  441           15   2.27479520E-03
       33700  444          487   7.38550201E-02
       33700  544         1029  0.156050950    
       33700  555          451   6.83955103E-02
       33700  665          433   6.56657591E-02
       33700  666           44   6.67273300E-03
       33800  221            0   0.00000000    
       33800  311          148   2.23835446E-02
       33800  321            0   0.00000000    
       33800  421          118   1.78463403E-02
       33800  422          221   3.34240757E-02
       33800  433         1453  0.219751969    
       33800  441          215   3.25166360E-02
       33800  444          783  0.118421055    
       33800  544         1124  0.169993952    
       33800  555          217   3.28191184E-02
       33800  665          217   3.28191184E-02
       33800  666          191   2.88868733E-02
       33900  221            0   0.00000000    
       33900  311          165   2.52641253E-02
       33900  321            0   0.00000000    
       33900  421          153   2.34267339E-02
       33900  422          281   4.30255719E-02
       33900  433         1385  0.212065533    
       33900  441           87   1.33210840E-02
       33900  444          510   7.80891106E-02
       33900  544         1303  0.199510023    
       33900  555            8   1.22492725E-03
       33900  665          497   7.60986060E-02
       33900  666          500   7.65579566E-02
       34000  221            0   0.00000000    
       34000  311          147   2.21819822E-02
       34000  321            0   0.00000000    
       34000  421          328   4.94944938E-02
       34000  422          719  0.108495548    
       34000  433         1393  0.210200697    
       34000  441          394   5.94537482E-02
       34000  444          573   8.64644647E-02
       34000  544          990  0.149388865    
       34000  555          451   6.80549294E-02
       34000  665           47   7.09219836E-03
       34000  666          157   2.36909613E-02
       34100  221            0   0.00000000    
       34100  311          167   2.51999404E-02
       34100  321          346   5.22106551E-02
       34100  421          184   2.77652033E-02
       34100  422          634   9.56692323E-02
       34100  433         1445  0.218047380    
       34100  441           72   1.08646443E-02
       34100  444          665  0.100347064    
       34100  544         1404  0.211860567    
       34100  555          496   7.48453289E-02
       34100  665          152   2.29364727E-02
       34100  666          131   1.97676178E-02
       34200  221            0   0.00000000    
       34200  311          166   2.51096655E-02
       34200  321            0   0.00000000    
       34200  421          101   1.52775673E-02
       34200  422          313   4.73453328E-02
       34200  433         1026  0.155195892    
       34200  441          410   6.20178506E-02
       34200  444          914  0.138254419    
       34200  544         1519  0.229768574    
       34200  555          355   5.36983833E-02
       34200  665          152   2.29919832E-02
       34200  666          355   5.36983833E-02
       34300  221           15   2.26244354E-03
       34300  311          546   8.23529437E-02
       34300  321          451   6.80241361E-02
       34300  421          517   7.79788867E-02
       34300  422          662   9.98491719E-02
       34300  433         1441  0.217345402    
       34300  441          360   5.42986430E-02
       34300  444          613   9.24585238E-02
       34300  544         1060  0.159879342    
       34300  555          200   3.01659126E-02
       34300  665           86   1.29713425E-02
       34300  666           76   1.14630470E-02
       34400  221            0   0.00000000    
       34400  311          203   3.09781786E-02
       34400  321            0   0.00000000    
       34400  421          167   2.54845116E-02
       34400  422          295   4.50175479E-02
       34400  433         1424  0.217305049    
       34400  441          133   2.02960484E-02
       34400  444          746  0.113840990    
       34400  544         1185  0.180833206    
       34400  555          330   5.03586158E-02
       34400  665          247   3.76926586E-02
       34400  666          133   2.02960484E-02
       34500  221            0   0.00000000    
       34500  311          159   2.42378041E-02
       34500  321            0   0.00000000    
       34500  421          525   8.00304860E-02
       34500  422          503   7.66768306E-02
       34500  433         1102  0.167987809    
       34500  441           47   7.16463430E-03
       34500  444          776  0.118292682    
       34500  544         1079  0.164481714    
       34500  555           33   5.03048766E-03
       34500  665          199   3.03353667E-02
       34500  666          199   3.03353667E-02
       34600  221           29   4.41333139E-03
       34600  311          197   2.99802162E-02
       34600  321           29   4.41333139E-03
       34600  421          199   3.02845836E-02
       34600  422          652   9.92238596E-02
       34600  433         1572  0.239232987    
       34600  441          107   1.62836704E-02
       34600  444          745  0.113376960    
       34600  544         1453  0.221123114    
       34600  555          247   3.75894085E-02
       34600  665          306   4.65682559E-02
       34600  666          476   7.24395066E-02
       34700  221           47   7.10721314E-03
       34700  311          430   6.50234371E-02
       34700  321          251   3.79555412E-02
       34700  421          141   2.13216394E-02
       34700  422          320   4.83895354E-02
       34700  433         1136  0.171782851    
       34700  441           70   1.05852112E-02
       34700  444          613   9.26962048E-02
       34700  544         1161  0.175563291    
       34700  555          343   5.18675335E-02
       34700  665           23   3.47799785E-03
       34700  666           64   9.67790745E-03
       34800  221            0   0.00000000    
       34800  311          379   5.73286936E-02
       34800  321          399   6.03539571E-02
       34800  421          339   5.12781739E-02
       34800  422          292   4.41688113E-02
       34800  433         1025  0.155044615    
       34800  441          251   3.79670262E-02
       34800  444          663  0.100287400    
       34800  544         1387  0.209801853    
       34800  555           23   3.47905001E-03
       34800  665           70   1.05884131E-02
       34800  666          468   7.07911029E-02
       34900  221            0   0.00000000    
       34900  311          133   2.01974176E-02
       34900  321            0   0.00000000    
       34900  421          285   4.32801805E-02
       34900  422          386   5.86180724E-02
       34900  433         1318  0.200151861    
       34900  441           93   1.41230067E-02
       34900  444          775  0.117691725    
       34900  544         1170  0.177676544    
       34900  555          235   3.56871672E-02
       34900  665           71   1.07820807E-02
       34900  666          157   2.38420647E-02
       35000  221            0   0.00000000    
       35000  311          138   2.07956601E-02
       35000  321          413   6.22362867E-02
       35000  421          522   7.86618441E-02
       35000  422          223   3.36045809E-02
       35000  433         1441  0.217148885    
       35000  441          411   6.19348995E-02
       35000  444          719  0.108348399    
       35000  544         1427  0.215039179    
       35000  555          133   2.00421941E-02
       35000  665          500   7.53465965E-02
       35000  666          328   4.94273640E-02
       35100  221           10   1.51011779E-03
       35100  311          153   2.31048018E-02
       35100  321           10   1.51011779E-03
       35100  421          135   2.03865897E-02
       35100  422          682  0.102990031    
       35100  433          992  0.149803683    
       35100  441           10   1.51011779E-03
       35100  444          592   8.93989727E-02
       35100  544          922  0.139232859    
       35100  555           36   5.43642417E-03
       35100  665          472   7.12775588E-02
       35100  666           74   1.11748716E-02
       35200  221            0   0.00000000    
       35200  311          145   2.18307730E-02
       35200  321          129   1.94218606E-02
       35200  421          210   3.16169821E-02
       35200  422          391   5.88678122E-02
       35200  433          984  0.148148149    
       35200  441          392   5.90183698E-02
       35200  444          911  0.137157485    
       35200  544         1350  0.203252032    
       35200  555          391   5.88678122E-02
       35200  665            6   9.03342385E-04
       35200  666          491   7.39235133E-02
       35300  221           61   9.26066469E-03
       35300  311          227   3.44618186E-02
       35300  321          497   7.54516497E-02
       35300  421          250   3.79535444E-02
       35300  422          421   6.39137700E-02
       35300  433         1536  0.233186573    
       35300  441          455   6.90754503E-02
       35300  444          959  0.145589799    
       35300  544         1141  0.173219979    
       35300  555          449   6.81645647E-02
       35300  665          121   1.83695164E-02
       35300  666          459   6.96827099E-02
       35400  221            0   0.00000000    
       35400  311          143   2.14843750E-02
       35400  321            0   0.00000000    
       35400  421          113   1.69771630E-02
       35400  422          644   9.67548043E-02
       35400  433         1307  0.196364179    
       35400  441           66   9.91586503E-03
       35400  444         1041  0.156400234    
       35400  544         1018  0.152944714    
       35400  555          265   3.98137011E-02
       35400  665          107   1.60757210E-02
       35400  666          265   3.98137011E-02
       35500  221            0   0.00000000    
       35500  311          189   2.87583694E-02
       35500  321            0   0.00000000    
       35500  421          128   1.94765665E-02
       35500  422          287   4.36701141E-02
       35500  433         1008  0.153377965    
       35500  441            0   0.00000000    
       35500  444          532   8.09494853E-02
       35500  544         1049  0.159616560    
       35500  555          484   7.36457705E-02
       35500  665          325   4.94522229E-02
       35500  666          497   7.56238624E-02
       35600  221            0   0.00000000    
       35600  311          233   3.53244394E-02
       35600  321           41   6.21588854E-03
       35600  421          130   1.97089147E-02
       35600  422          294   4.45724688E-02
       35600  433         1486  0.225288048    
       35600  441           73   1.10673131E-02
       35600  444          604   9.15706456E-02
       35600  544         1046  0.158580959    
       35600  555          474   7.18617365E-02
       35600  665           60   9.09642223E-03
       35600  666           73   1.10673131E-02
       35700  221            0   0.00000000    
       35700  311          163   2.48779003E-02
       35700  321            0   0.00000000    
       35700  421          160   2.44200248E-02
       35700  422          287   4.38034199E-02
       35700  433         1132  0.172771677    
       35700  441          474   7.23443255E-02
       35700  444          916  0.139804646    
       35700  544         1542  0.235347986    
       35700  555           85   1.29731381E-02
       35700  665          477   7.28022009E-02
       35700  666          417   6.36446923E-02
       35800  221            0   0.00000000    
       35800  311          150   2.26483475E-02
       35800  321          435   6.56802058E-02
       35800  421          123   1.85716450E-02
       35800  422          282   4.25788909E-02
       35800  433         1093  0.165030956    
       35800  441            8   1.20791188E-03
       35800  444          477   7.20217451E-02
       35800  544          945  0.142684579    
       35800  555           16   2.41582375E-03
       35800  665          271   4.09180112E-02
       35800  666            8   1.20791188E-03
       35900  221            0   0.00000000    
       35900  311          168   2.55202800E-02
       35900  321            0   0.00000000    
       35900  421          101   1.53425494E-02
       35900  422          501   7.61051178E-02
       35900  433         1283  0.194895938    
       35900  441          252   3.82804200E-02
       35900  444          753  0.114385538    
       35900  544         1266  0.192313537    
       35900  555          287   4.35971431E-02
       35900  665           30   4.55719279E-03
       35900  666           16   2.43050279E-03
       36000  221            0   0.00000000    
       36000  311          177   2.70146523E-02
       36000  321            0   0.00000000    
       36000  421          200   3.05250306E-02
       36000  422          599   9.14224684E-02
       36000  433         1227  0.187271059    
       36000  441           16   2.44200253E-03
       36000  444          470   7.17338249E-02
       36000  544         1063  0.162240535    
       36000  555           17   2.59462767E-03
       36000  665            8   1.22100126E-03
       36000  666          497   7.58547038E-02
       36100  221            0   0.00000000    
       36100  311          173   2.62678415E-02
       36100  321            0   0.00000000    
       36100  421          495   7.51594305E-02
       36100  422          643   9.76313427E-02
       36100  433         1484  0.225326449    
       36100  441           41   6.22532656E-03
       36100  444          854  0.129668996    
       36100  544         1084  0.164591551    
       36100  555          472   7.16671720E-02
       36100  665           73   1.10841179E-02
       36100  666           60   9.11023375E-03
       36200  221            0   0.00000000    
       36200  311          182   2.77269948E-02
       36200  321            0   0.00000000    
       36200  421          344   5.24070673E-02
       36200  422          514   7.83059075E-02
       36200  433         1387  0.211304083    
       36200  441          408   6.21572211E-02
       36200  444          751  0.114411943    
       36200  544         1208  0.184034124    
       36200  555          500   7.61730671E-02
       36200  665          247   3.76294926E-02
       36200  666          215   3.27544175E-02
       36300  221            0   0.00000000    
       36300  311          167   2.53375825E-02
       36300  321            0   0.00000000    
       36300  421          213   3.23167965E-02
       36300  422          442   6.70611411E-02
       36300  433         1074  0.162949473    
       36300  441           94   1.42618725E-02
       36300  444          512   7.76816905E-02
       36300  544         1064  0.161432251    
       36300  555          117   1.77514795E-02
       36300  665          117   1.77514795E-02
       36300  666          439   6.66059777E-02
       36400  221            0   0.00000000    
       36400  311          460   7.02504590E-02
       36400  321          498   7.60537535E-02
       36400  421          475   7.25412369E-02
       36400  422          479   7.31521100E-02
       36400  433         1719  0.262522906    
       36400  441           98   1.49664022E-02
       36400  444          525   8.01771507E-02
       36400  544         1622  0.247709230    
       36400  555          117   1.78680513E-02
       36400  665          491   7.49847293E-02
       36400  666          117   1.78680513E-02
       36500  221            0   0.00000000    
       36500  311          621   9.43195596E-02
       36500  321           36   5.46780089E-03
       36500  421          542   8.23207796E-02
       36500  422          294   4.46537063E-02
       36500  433         1040  0.157958686    
       36500  441          252   3.82746048E-02
       36500  444          993  0.150820166    
       36500  544         1275  0.193651274    
       36500  555          500   7.59416744E-02
       36500  665          500   7.59416744E-02
       36500  666          368   5.58930747E-02
       36600  221            0   0.00000000    
       36600  311          177   2.68996954E-02
       36600  321            0   0.00000000    
       36600  421          125   1.89969614E-02
       36600  422          257   3.90577503E-02
       36600  433         1185  0.180091187    
       36600  441           67   1.01823704E-02
       36600  444          535   8.13069940E-02
       36600  544          992  0.150759876    
       36600  555          261   3.96656543E-02
       36600  665          491   7.46200606E-02
       36600  666          497   7.55319148E-02
       36700  221            0   0.00000000    
       36700  311          153   2.32416838E-02
       36700  321            0   0.00000000    
       36700  421          127   1.92921162E-02
       36700  422          285   4.32933308E-02
       36700  433         1010  0.153425485    
       36700  441            0   0.00000000    
       36700  444          467   7.09403008E-02
       36700  544         1032  0.156767428    
       36700  555          141   2.14188062E-02
       36700  665           38   5.77244395E-03
       36700  666          397   6.03068508E-02
       36800  221            0   0.00000000    
       36800  311          151   2.27993354E-02
       36800  321            0   0.00000000    
       36800  421          113   1.70617551E-02
       36800  422          290   4.37868051E-02
       36800  433         1026  0.154914692    
       36800  441          348   5.25441654E-02
       36800  444          879  0.132719308    
       36800  544         1541  0.232674018    
       36800  555          271   4.09180112E-02
       36800  665          493   7.44375661E-02
       36800  666          497   7.50415251E-02
       36900  221            0   0.00000000    
       36900  311          137   2.07985435E-02
       36900  321            0   0.00000000    
       36900  421          137   2.07985435E-02
       36900  422          247   3.74981016E-02
       36900  433         1186  0.180051610    
       36900  441            0   0.00000000    
       36900  444          486   7.37816915E-02
       36900  544         1182  0.179444358    
       36900  555          497   7.54516497E-02
       36900  665          497   7.54516497E-02
       36900  666           47   7.13526644E-03
       37000  221            0   0.00000000    
       37000  311          184   2.78029609E-02
       37000  321            0   0.00000000    
       37000  421           92   1.39014805E-02
       37000  422          295   4.45754007E-02
       37000  433         1177  0.177848294    
       37000  441          368   5.56059219E-02
       37000  444          711  0.107434273    
       37000  544         1399  0.211393178    
       37000  555          368   5.56059219E-02
       37000  665          328   4.95618023E-02
       37000  666          491   7.41916001E-02
       37100  221            0   0.00000000    
       37100  311          171   2.60511879E-02
       37100  321            0   0.00000000    
       37100  421          520   7.92199895E-02
       37100  422          381   5.80438748E-02
       37100  433         1302  0.198354661    
       37100  441          214   3.26020718E-02
       37100  444          674  0.102681294    
       37100  544         1110  0.169104204    
       37100  555          247   3.76294926E-02
       37100  665          491   7.48019516E-02
       37100  666          247   3.76294926E-02
       37200  221            0   0.00000000    
       37200  311          153   2.32983101E-02
       37200  321          107   1.62935890E-02
       37200  421          237   3.60895395E-02
       37200  422          776  0.118166588    
       37200  433         1356  0.206486985    
       37200  441          107   1.62935890E-02
       37200  444          669  0.101873003    
       37200  544         1360  0.207096085    
       37200  555          371   5.64945936E-02
       37200  665          156   2.37551387E-02
       37200  666          144   2.19278205E-02
       37300  221            0   0.00000000    
       37300  311          160   2.42976453E-02
       37300  321            0   0.00000000    
       37300  421          449   6.81852698E-02
       37300  422          480   7.28929415E-02
       37300  433         1417  0.215186030    
       37300  441          328   4.98101749E-02
       37300  444          686  0.104176156    
       37300  544         1323  0.200911164    
       37300  555          247   3.75094898E-02
       37300  665          399   6.05922565E-02
       37300  666          287   4.35839035E-02
       37400  221            0   0.00000000    
       37400  311          230   3.48590463E-02
       37400  321           69   1.04577141E-02
       37400  421          306   4.63776886E-02
       37400  422          293   4.44073975E-02
       37400  433         1231  0.186571687    
       37400  441          172   2.60685049E-02
       37400  444          889  0.134737805    
       37400  544         1391  0.210821465    
       37400  555           38   5.75932115E-03
       37400  665          131   1.98545009E-02
       37400  666          247   3.74355875E-02
       37500  221            0   0.00000000    
       37500  311          152   2.29019132E-02
       37500  321            0   0.00000000    
       37500  421           82   1.23549793E-02
       37500  422          588   8.85942429E-02
       37500  433         1113  0.167696252    
       37500  441          364   5.48440553E-02
       37500  444          520   7.83486515E-02
       37500  544          949  0.142986283    
       37500  555          472   7.11164698E-02
       37500  665          495   7.45818913E-02
       37500  666          472   7.11164698E-02
       37600  221            0   0.00000000    
       37600  311          172   2.61001512E-02
       37600  321            0   0.00000000    
       37600  421           99   1.50227621E-02
       37600  422          266   4.03641872E-02
       37600  433         1035  0.157056153    
       37600  441            0   0.00000000    
       37600  444          473   7.17754140E-02
       37600  544         1023  0.155235201    
       37600  555           72   1.09256450E-02
       37600  665          483   7.32928663E-02
       37600  666          483   7.32928663E-02
       37700  221            0   0.00000000    
       37700  311          366   5.53539023E-02
       37700  321          217   3.28191184E-02
       37700  421          619   9.36176628E-02
       37700  422          659   9.96672735E-02
       37700  433         1326  0.200544462    
       37700  441          439   6.63944334E-02
       37700  444          464   7.01754391E-02
       37700  544         1165  0.176194802    
       37700  555          313   4.73381728E-02
       37700  665          306   4.62794900E-02
       37700  666          439   6.63944334E-02
       37800  221          392   5.95021248E-02
       37800  311          644   9.77534875E-02
       37800  321          370   5.61627187E-02
       37800  421          428   6.49666041E-02
       37800  422          305   4.62962948E-02
       37800  433         1079  0.163782641    
       37800  441           36   5.46448072E-03
       37800  444          475   7.21007884E-02
       37800  544         1168  0.177292049    
       37800  555           55   8.34851246E-03
       37800  665          435   6.60291463E-02
       37800  666          141   2.14025509E-02
       37900  221            0   0.00000000    
       37900  311          193   2.91144978E-02
       37900  321           34   5.12897875E-03
       37900  421          193   2.91144978E-02
       37900  422          505   7.61804208E-02
       37900  433         1306  0.197013125    
       37900  441          439   6.62241653E-02
       37900  444          572   8.62875208E-02
       37900  544         1488  0.224468246    
       37900  555            9   1.35767087E-03
       37900  665          298   4.49539907E-02
       37900  666          217   3.27349529E-02
       38000  221           47   7.07192300E-03
       38000  311          179   2.69334931E-02
       38000  321          199   2.99428236E-02
       38000  421          123   1.85073726E-02
       38000  422          412   6.19921759E-02
       38000  433         1429  0.215016544    
       38000  441            9   1.35419797E-03
       38000  444          753  0.113301232    
       38000  544         1204  0.181161597    
       38000  555            8   1.20373152E-03
       38000  665            8   1.20373152E-03
       38000  666            8   1.20373152E-03
       38100  221            0   0.00000000    
       38100  311          164   2.48296745E-02
       38100  321          219   3.31567004E-02
       38100  421          344   5.20817563E-02
       38100  422          744  0.112641938    
       38100  433         1405  0.212717637    
       38100  441          491   7.43376240E-02
       38100  444          711  0.107645720    
       38100  544         1475  0.223315671    
       38100  555          321   4.85995449E-02
       38100  665          435   6.58591986E-02
       38100  666          321   4.85995449E-02
       38200  221            0   0.00000000    
       38200  311          562   8.44224095E-02
       38200  321          268   4.02583741E-02
       38200  421          401   6.02373444E-02
       38200  422          553   8.30704495E-02
       38200  433         1328  0.199489266    
       38200  441          268   4.02583741E-02
       38200  444          533   8.00660923E-02
       38200  544         1028  0.154423907    
       38200  555           93   1.39702568E-02
       38200  665          196   2.94426922E-02
       38200  666           71   1.06654651E-02
       38300  221          199   3.02064363E-02
       38300  311          506   7.68063143E-02
       38300  321          370   5.61627187E-02
       38300  421          477   7.24043697E-02
       38300  422          667  0.101244688    
       38300  433         1192  0.180935040    
       38300  441          196   2.97510624E-02
       38300  444          968  0.146933824    
       38300  544         1041  0.158014566    
       38300  555           60   9.10746772E-03
       38300  665          199   3.02064363E-02
       38300  666          199   3.02064363E-02
       38400  221            0   0.00000000    
       38400  311          422   6.44865558E-02
       38400  321           16   2.44498788E-03
       38400  421          365   5.57762831E-02
       38400  422          297   4.53850850E-02
       38400  433         1566  0.239303172    
       38400  441          224   3.42298299E-02
       38400  444          661  0.101008557    
       38400  544         1486  0.227078244    
       38400  555          271   4.14119810E-02
       38400  665          217   3.31601463E-02
       38400  666           16   2.44498788E-03
       38500  221            0   0.00000000    
       38500  311          385   5.84839731E-02
       38500  321          474   7.20036477E-02
       38500  421          256   3.88880447E-02
       38500  422          698  0.106030688    
       38500  433         1012  0.153729305    
       38500  441          469   7.12441131E-02
       38500  444          862  0.130943343    
       38500  544         1109  0.168464229    
       38500  555          237   3.60018238E-02
       38500  665           85   1.29120462E-02
       38500  666          466   7.07883909E-02
       38600  221            0   0.00000000    
       38600  311          169   2.57073324E-02
       38600  321            0   0.00000000    
       38600  421          129   1.96227562E-02
       38600  422          290   4.41131741E-02
       38600  433         1106  0.168238521    
       38600  441          271   4.12230007E-02
       38600  444          661  0.100547612    
       38600  544         1248  0.189838752    
       38600  555          154   2.34256163E-02
       38600  665          199   3.02707627E-02
       38600  666          306   4.65470031E-02
       38700  221            0   0.00000000    
       38700  311          184   2.80616134E-02
       38700  321            0   0.00000000    
       38700  421          118   1.79960355E-02
       38700  422          312   4.75827344E-02
       38700  433         1363  0.207869455    
       38700  441          497   7.57968575E-02
       38700  444          528   8.05246308E-02
       38700  544         1307  0.199328959    
       38700  555          497   7.57968575E-02
       38700  665          217   3.30944024E-02
       38700  666          217   3.30944024E-02
       38800  221            0   0.00000000    
       38800  311          238   3.59951593E-02
       38800  321          469   7.09316358E-02
       38800  421          205   3.10042351E-02
       38800  422          352   5.32365404E-02
       38800  433         1180  0.178463399    
       38800  441          237   3.58439200E-02
       38800  444          965  0.145946771    
       38800  544         1415  0.214004844    
       38800  555          477   7.21415579E-02
       38800  665          237   3.58439200E-02
       38800  666          371   5.61101027E-02
       38900  221            0   0.00000000    
       38900  311          155   2.34174356E-02
       38900  321          399   6.02810085E-02
       38900  421          348   5.25759161E-02
       38900  422          485   7.32739121E-02
       38900  433         1365  0.206224501    
       38900  441          219   3.30865681E-02
       38900  444          716  0.108173437    
       38900  544         1475  0.222843334    
       38900  555           30   4.53240657E-03
       38900  665           16   2.41728360E-03
       38900  666           44   6.64753001E-03
       39000  221            0   0.00000000    
       39000  311          171   2.61148438E-02
       39000  321            0   0.00000000    
       39000  421          142   2.16860119E-02
       39000  422          651   9.94196683E-02
       39000  433         1580  0.241295055    
       39000  441          247   3.77214402E-02
       39000  444          762  0.116371408    
       39000  544         1501  0.229230300    
       39000  555          415   6.33781329E-02
       39000  665          368   5.62003665E-02
       39000  666          415   6.33781329E-02
       39100  221          104   1.56862754E-02
       39100  311          340   5.12820520E-02
       39100  321          108   1.62895937E-02
       39100  421          246   3.71040739E-02
       39100  422          554   8.35595801E-02
       39100  433         1473  0.222171947    
       39100  441          432   6.51583746E-02
       39100  444         1057  0.159426853    
       39100  544         1486  0.224132732    
       39100  555          154   2.32277531E-02
       39100  665          500   7.54147843E-02
       39100  666          491   7.40573183E-02
       39200  221            0   0.00000000    
       39200  311          206   3.14072259E-02
       39200  321           29   4.42140549E-03
       39200  421          163   2.48513501E-02
       39200  422          300   4.57386784E-02
       39200  433         1115  0.169995427    
       39200  441           29   4.42140549E-03
       39200  444          653   9.95578617E-02
       39200  544         1105  0.168470800    
       39200  555            8   1.21969811E-03
       39200  665          275   4.19271216E-02
       39200  666          474   7.22671151E-02
       39300  221            0   0.00000000    
       39300  311          146   2.22154595E-02
       39300  321          299   4.54960428E-02
       39300  421          244   3.71272080E-02
       39300  422          740  0.112598903    
       39300  433         1324  0.201460749    
       39300  441          490   7.45587349E-02
       39300  444          718  0.109251373    
       39300  544         1116  0.169811323    
       39300  555          226   3.43883149E-02
       39300  665          299   4.54960428E-02
       39300  666           51   7.76019460E-03
       39400  221            0   0.00000000    
       39400  311          135   2.04483494E-02
       39400  321           57   8.63374770E-03
       39400  421          123   1.86307188E-02
       39400  422          278   4.21084538E-02
       39400  433         1048  0.158739775    
       39400  441            1   1.51469256E-04
       39400  444          936  0.141775221    
       39400  544         1120  0.169645563    
       39400  555          155   2.34777331E-02
       39400  665          408   6.17994554E-02
       39400  666          408   6.17994554E-02
       39500  221          104   1.58150848E-02
       39500  311          271   4.12104614E-02
       39500  321          273   4.15145978E-02
       39500  421          208   3.16301696E-02
       39500  422          463   7.04075396E-02
       39500  433         1500  0.228102192    
       39500  441          431   6.55413643E-02
       39500  444          564   8.57664198E-02
       39500  544         1472  0.223844275    
       39500  555           73   1.11009730E-02
       39500  665           82   1.24695860E-02
       39500  666          474   7.20802918E-02
       39600  221            0   0.00000000    
       39600  311          174   2.63716280E-02
       39600  321            0   0.00000000    
       39600  421          184   2.78872382E-02
       39600  422          294   4.45589572E-02
       39600  433         1024  0.155198544    
       39600  441            0   0.00000000    
       39600  444          507   7.68414661E-02
       39600  544         1364  0.206729308    
       39600  555          474   7.18399510E-02
       39600  665          351   5.31979389E-02
       39600  666          431   6.53228238E-02
       39700  221           82   1.23998187E-02
       39700  311          217   3.28141525E-02
       39700  321          483   7.30379522E-02
       39700  421          208   3.14531997E-02
       39700  422          726  0.109783761    
       39700  433         1356  0.205050662    
       39700  441          466   7.04672635E-02
       39700  444          946  0.143051565    
       39700  544         1560  0.235898986    
       39700  555          237   3.58384997E-02
       39700  665          230   3.47799771E-02
       39700  666          230   3.47799771E-02
       39800  221          335   5.07037975E-02
       39800  311          416   6.29635230E-02
       39800  321          306   4.63145152E-02
       39800  421          429   6.49311319E-02
       39800  422          597   9.03587118E-02
       39800  433         1144  0.173149690    
       39800  441          224   3.39034349E-02
       39800  444          822  0.124413498    
       39800  544         1317  0.199334040    
       39800  555          321   4.85848337E-02
       39800  665          435   6.58392608E-02
       39800  666          131   1.98274553E-02
       39900  221            0   0.00000000    
       39900  311          153   2.31013130E-02
       39900  321          494   7.45885521E-02
       39900  421          228   3.44254859E-02
       39900  422          775  0.117016457    
       39900  433         1443  0.217877090    
       39900  441          466   7.03608617E-02
       39900  444          586   8.84795412E-02
       39900  544         1118  0.168805674    
       39900  555           82   1.23810964E-02
       39900  665          217   3.27646099E-02
       39900  666           16   2.41582375E-03
       40000  221            0   0.00000000    
       40000  311          164   2.46542394E-02
       40000  321            0   0.00000000    
       40000  421          101   1.51834032E-02
       40000  422          241   3.62297036E-02
       40000  433         1270  0.190920025    
       40000  441          252   3.78833450E-02
       40000  444          709  0.106584489    
       40000  544          943  0.141761869    
       40000  555           36   5.41190617E-03
       40000  665          191   2.87131686E-02
       40000  666           54   8.11785925E-03
