       30100  -4.05880070       5.02483323E-02  -4.00855255       3.35508473E-02
       30200  -4.06621265       5.05297743E-02  -4.01568270       3.35508473E-02
       30300  -4.05747700       5.02332561E-02  -4.00724363       3.35508473E-02
       30400  -4.07221985       5.03259823E-02  -4.02189398       3.35508473E-02
       30500  -4.07953215       5.03335409E-02  -4.02919865       3.35508473E-02
       30600  -4.09153414       5.02078012E-02  -4.04132652       3.35508473E-02
       30700  -4.09254742       5.03532067E-02  -4.04219437       3.35508473E-02
       30800  -4.07273006       5.02557456E-02  -4.02247429       3.35508473E-02
       30900  -4.06092548       5.03366962E-02  -4.01058865       3.35508473E-02
       31000  -4.03626585       5.03310449E-02  -3.98593473       3.35508473E-02
       31100  -4.04358053       5.01683205E-02  -3.99341226       3.35508473E-02
       31200  -4.06270027       5.02350852E-02  -4.01246500       3.35508473E-02
       31300  -4.07008076       5.02098985E-02  -4.01987076       3.35508473E-02
       31400  -4.07135820       5.01422323E-02  -4.02121592       3.35508473E-02
       31500  -4.06732559       5.05739972E-02  -4.01675177       3.35508473E-02
       31600  -4.07496834       5.02620898E-02  -4.02470636       3.35508473E-02
       31700  -4.06638527       5.04691117E-02  -4.01591635       3.35508473E-02
       31800  -4.04997921       5.03263101E-02  -3.99965286       3.35508473E-02
       31900  -4.06960535       5.02560064E-02  -4.01934958       3.35508473E-02
       32000  -4.04659081       5.03049418E-02  -3.99628592       3.35508473E-02
       32100  -4.08245373       5.03544882E-02  -4.03209925       3.35508473E-02
       32200  -4.07206011       5.02166972E-02  -4.02184343       3.35508473E-02
       32300  -4.08672285       5.02915159E-02  -4.03643131       3.35508473E-02
       32400  -4.08949184       5.03353477E-02  -4.03915644       3.35508473E-02
       32500  -4.06002665       5.03025874E-02  -4.00972414       3.35508473E-02
       32600  -4.07910156       5.02630062E-02  -4.02883863       3.35508473E-02
       32700  -4.07464600       5.04475795E-02  -4.02419853       3.35508473E-02
       32800  -4.08218527       5.03671803E-02  -4.03181791       3.35508473E-02
       32900  -4.06413603       5.03022484E-02  -4.01383400       3.35508473E-02
       33000  -4.08998823       5.02124242E-02  -4.03977585       3.35508473E-02
       33100  -4.06660557       5.02968393E-02  -4.01630878       3.35508473E-02
       33200  -4.06551266       5.01946025E-02  -4.01531792       3.35508473E-02
       33300  -4.06037807       5.04654795E-02  -4.00991249       3.35508473E-02
       33400  -4.03911066       5.02974354E-02  -3.98881316       3.35508473E-02
       33500  -4.05766201       5.02629541E-02  -4.00739908       3.35508473E-02
       33600  -4.07455111       5.03039472E-02  -4.02424717       3.35508473E-02
       33700  -4.06297302       5.03710732E-02  -4.01260185       3.35508473E-02
       33800  -4.07468081       5.02582565E-02  -4.02442265       3.35508473E-02
       33900  -4.08809185       5.02825715E-02  -4.03780937       3.35508473E-02
       34000  -4.06122828       5.02170250E-02  -4.01101112       3.35508473E-02
       34100  -4.06057358       5.01584820E-02  -4.01041508       3.35508473E-02
       34200  -4.06584024       5.04291579E-02  -4.01541090       3.35508473E-02
       34300  -4.06848288       5.04397526E-02  -4.01804304       3.35508473E-02
       34400  -4.09213018       5.04305623E-02  -4.04169941       3.35508473E-02
       34500  -4.06663609       5.03758155E-02  -4.01626015       3.35508473E-02
       34600  -4.06048679       5.02783731E-02  -4.01020861       3.35508473E-02
       34700  -4.06780243       5.02539165E-02  -4.01754856       3.35508473E-02
       34800  -4.04818583       5.02830818E-02  -3.99790263       3.35508473E-02
       34900  -4.04287052       5.01773693E-02  -3.99269319       3.35508473E-02
       35000  -4.05401945       5.02208583E-02  -4.00379848       3.35508473E-02
       35100  -4.05127573       5.05106188E-02  -4.00076532       3.35508473E-02
       35200  -4.06374264       5.03825210E-02  -4.01336002       3.35508473E-02
       35300  -4.03976011       5.03222980E-02  -3.98943782       3.35508473E-02
       35400  -4.08226204       5.03498353E-02  -4.03191233       3.35508473E-02
       35500  -4.07332611       5.04839458E-02  -4.02284193       3.35508473E-02
       35600  -4.08213997       5.03340736E-02  -4.03180599       3.35508473E-02
       35700  -4.10982037       5.03526554E-02  -4.05946779       3.35508473E-02
       35800  -4.06530142       5.03171124E-02  -4.01498413       3.35508473E-02
       35900  -4.08584976       5.02989851E-02  -4.03555059       3.35508473E-02
       36000  -4.08210611       5.03456853E-02  -4.03176022       3.35508473E-02
       36100  -4.07986116       5.02872318E-02  -4.02957392       3.35508473E-02
       36200  -4.04944420       5.03089651E-02  -3.99913526       3.35508473E-02
       36300  -4.03975582       5.03099784E-02  -3.98944592       3.35508473E-02
       36400  -4.06391335       5.03202491E-02  -4.01359320       3.35508473E-02
       36500  -4.07102776       5.04064634E-02  -4.02062130       3.35508473E-02
       36600  -4.07158327       5.03711253E-02  -4.02121210       3.35508473E-02
       36700  -4.06510305       5.04147373E-02  -4.01468849       3.35508473E-02
       36800  -4.06736946       5.02831601E-02  -4.01708651       3.35508473E-02
       36900  -4.06110144       5.03910705E-02  -4.01071024       3.35508473E-02
       37000  -4.08483219       5.01454622E-02  -4.03468657       3.35508473E-02
       37100  -4.05709600       5.03681116E-02  -4.00672770       3.35508473E-02
       37200  -4.05254126       5.03810719E-02  -4.00216007       3.35508473E-02
       37300  -4.06132650       5.01866750E-02  -4.01113987       3.35508473E-02
       37400  -4.05851078       5.02812415E-02  -4.00822973       3.35508473E-02
       37500  -4.06285954       5.03024869E-02  -4.01255703       3.35508473E-02
       37600  -4.06791306       5.03073409E-02  -4.01760578       3.35508473E-02
       37700  -4.07488537       5.03952727E-02  -4.02448988       3.35508473E-02
       37800  -4.09935141       5.03256992E-02  -4.04902554       3.35508473E-02
       37900  -4.08669662       5.03463000E-02  -4.03635025       3.35508473E-02
       38000  -4.07815266       5.04265726E-02  -4.02772617       3.35508473E-02
       38100  -4.07576752       5.02354763E-02  -4.02553225       3.35508473E-02
       38200  -4.06051540       5.03297523E-02  -4.01018572       3.35508473E-02
       38300  -4.06937122       5.02235293E-02  -4.01914787       3.35508473E-02
       38400  -4.05563068       5.04116453E-02  -4.00521898       3.35508473E-02
       38500  -4.03780174       5.03615402E-02  -3.98744011       3.35508473E-02
       38600  -4.05691719       5.04619628E-02  -4.00645542       3.35508473E-02
       38700  -4.05508327       5.04150577E-02  -4.00466824       3.35508473E-02
       38800  -4.04558659       5.03448695E-02  -3.99524164       3.35508473E-02
       38900  -4.09600496       5.03474250E-02  -4.04565763       3.35508473E-02
       39000  -4.06036758       5.04058748E-02  -4.00996161       3.35508473E-02
       39100  -4.06934118       5.02407141E-02  -4.01910067       3.35508473E-02
       39200  -4.08358955       5.04196025E-02  -4.03316975       3.35508473E-02
       39300  -4.06437588       5.02897203E-02  -4.01408625       3.35508473E-02
       39400  -4.05099916       5.02464399E-02  -4.00075293       3.35508473E-02
       39500  -4.08112192       5.04035056E-02  -4.03071833       3.35508473E-02
       39600  -4.08011770       5.03216609E-02  -4.02979612       3.35508473E-02
       39700  -4.08435869       5.03247865E-02  -4.03403378       3.35508473E-02
       39800  -4.08762217       5.02596386E-02  -4.03736258       3.35508473E-02
       39900  -4.05797529       5.02737090E-02  -4.00770140       3.35508473E-02
       40000  -4.08408928       5.04552983E-02  -4.03363419       3.35508473E-02
       40100  -4.07642412       5.04773706E-02  -4.02594662       3.35508473E-02
       40200  -4.05351114       5.03746383E-02  -4.00313663       3.35508473E-02
       40300  -4.05163765       5.03348149E-02  -4.00130272       3.35508473E-02
       40400  -4.07588434       5.04114404E-02  -4.02547312       3.35508473E-02
       40500  -4.07043743       5.03294282E-02  -4.02010822       3.35508473E-02
       40600  -4.06747961       5.03026843E-02  -4.01717710       3.35508473E-02
       40700  -4.08212137       5.02603725E-02  -4.03186083       3.35508473E-02
       40800  -4.05977964       5.04150093E-02  -4.00936460       3.35508473E-02
       40900  -4.06258488       5.02210148E-02  -4.01236391       3.35508473E-02
       41000  -4.06520176       5.04534580E-02  -4.01474810       3.35508473E-02
       41100  -4.07796240       5.03217392E-02  -4.02764082       3.35508473E-02
       41200  -4.07521009       5.03755398E-02  -4.02483463       3.35508473E-02
       41300  -4.09376383       5.04057743E-02  -4.04335785       3.35508473E-02
       41400  -4.07582760       5.03578410E-02  -4.02546978       3.35508473E-02
       41500  -4.07248163       5.03325723E-02  -4.02214909       3.35508473E-02
       41600  -4.08765554       5.03337868E-02  -4.03732157       3.35508473E-02
       41700  -4.05843019       5.02386726E-02  -4.00819159       3.35508473E-02
       41800  -4.08453560       5.03152683E-02  -4.03422022       3.35508473E-02
       41900  -4.06075907       5.03009930E-02  -4.01045799       3.35508473E-02
       42000  -4.05666494       5.02506830E-02  -4.00641441       3.35508473E-02
       42100  -4.06209135       5.02745323E-02  -4.01181698       3.35508473E-02
       42200  -4.09289026       5.02556972E-02  -4.04263449       3.35508473E-02
       42300  -4.04208183       5.03656790E-02  -3.99171615       3.35508473E-02
       42400  -4.09149885       5.03808111E-02  -4.04111814       3.35508473E-02
       42500  -4.06570959       5.03724329E-02  -4.01533699       3.35508473E-02
       42600  -4.07068729       5.03850132E-02  -4.02030230       3.35508473E-02
       42700  -4.08267260       5.03999591E-02  -4.03227282       3.35508473E-02
       42800  -4.07040405       5.03707714E-02  -4.02003336       3.35508473E-02
       42900  -4.05605745       5.03757931E-02  -4.00568151       3.35508473E-02
       43000  -4.06554890       5.04625626E-02  -4.01508617       3.35508473E-02
       43100  -4.06327772       5.03867790E-02  -4.01289082       3.35508473E-02
       43200  -4.06045818       5.03242388E-02  -4.01013374       3.35508473E-02
       43300  -4.07811737       5.03778681E-02  -4.02773952       3.35508473E-02
       43400  -4.06047392       5.03941551E-02  -4.01007986       3.35508473E-02
       43500  -4.05902433       5.01749329E-02  -4.00884962       3.35508473E-02
       43600  -4.04878235       5.05519174E-02  -3.99823046       3.35508473E-02
       43700  -4.06122637       5.01659364E-02  -4.01106024       3.35508473E-02
       43800  -4.06424713       5.03456034E-02  -4.01390171       3.35508473E-02
       43900  -4.07714081       5.03048711E-02  -4.02683592       3.35508473E-02
       44000  -4.09231901       5.04180305E-02  -4.04190111       3.35508473E-02
       44100  -4.05128241       5.02475910E-02  -4.00103474       3.35508473E-02
       44200  -4.05923367       5.04069999E-02  -4.00882673       3.35508473E-02
       44300  -4.10650396       5.04160412E-02  -4.05608797       3.35508473E-02
       44400  -4.07288694       5.02672158E-02  -4.02261972       3.35508473E-02
       44500  -4.03896904       5.03486171E-02  -3.98862052       3.35508473E-02
       44600  -4.07282925       5.02752960E-02  -4.02255392       3.35508473E-02
       44700  -4.07122421       5.03395945E-02  -4.02088451       3.35508473E-02
       44800  -4.07711887       5.02586067E-02  -4.02686024       3.35508473E-02
       44900  -4.06293058       5.03225029E-02  -4.01260805       3.35508473E-02
       45000  -4.06680965       5.03436774E-02  -4.01646614       3.35508473E-02
       45100  -4.06738710       5.03427908E-02  -4.01704454       3.35508473E-02
       45200  -4.05744123       5.04726544E-02  -4.00696850       3.35508473E-02
       45300  -4.05175877       5.02949283E-02  -4.00146389       3.35508473E-02
       45400  -4.08288336       5.03076911E-02  -4.03257561       3.35508473E-02
       45500  -4.05780649       5.03919311E-02  -4.00741434       3.35508473E-02
       45600  -4.06733084       5.04323281E-02  -4.01689863       3.35508473E-02
       45700  -4.08187628       5.02720065E-02  -4.03160429       3.35508473E-02
       45800  -4.08573341       5.03089167E-02  -4.03542471       3.35508473E-02
       45900  -4.06043863       5.04578203E-02  -4.00998068       3.35508473E-02
       46000  -4.05453539       5.02330288E-02  -4.00430250       3.35508473E-02
       46100  -4.06456041       5.01635298E-02  -4.01439667       3.35508473E-02
       46200  -4.08430767       5.02482094E-02  -4.03405952       3.35508473E-02
       46300  -4.07241440       5.03208004E-02  -4.02209377       3.35508473E-02
       46400  -4.06076813       5.04412465E-02  -4.01032686       3.35508473E-02
       46500  -4.07135868       5.03274798E-02  -4.02103138       3.35508473E-02
       46600  -4.07388353       5.04421219E-02  -4.02344131       3.35508473E-02
       46700  -4.06341934       5.03658839E-02  -4.01305342       3.35508473E-02
       46800  -4.07401609       5.03540449E-02  -4.02366209       3.35508473E-02
       46900  -4.05913353       5.04333079E-02  -4.00870037       3.35508473E-02
       47000  -4.07175159       5.03291599E-02  -4.02142239       3.35508473E-02
       47100  -4.06582499       5.04196621E-02  -4.01540518       3.35508473E-02
       47200  -4.07588387       5.03375456E-02  -4.02554655       3.35508473E-02
       47300  -4.07636452       5.02831675E-02  -4.02608156       3.35508473E-02
       47400  -4.07277775       5.02662845E-02  -4.02251148       3.35508473E-02
       47500  -4.08019400       5.03690466E-02  -4.02982473       3.35508473E-02
       47600  -4.08376551       5.03313951E-02  -4.03343391       3.35508473E-02
       47700  -4.07894421       5.03494553E-02  -4.02859497       3.35508473E-02
       47800  -4.06924582       5.04028648E-02  -4.01884317       3.35508473E-02
       47900  -4.06043720       5.03389835E-02  -4.01009846       3.35508473E-02
       48000  -4.08208179       5.03246859E-02  -4.03175688       3.35508473E-02
       48100  -4.05372810       5.02727441E-02  -4.00345516       3.35508473E-02
       48200  -4.06257010       5.02934828E-02  -4.01227665       3.35508473E-02
       48300  -4.04646683       5.03477119E-02  -3.99611902       3.35508473E-02
       48400  -4.07716227       5.03049530E-02  -4.02685738       3.35508473E-02
       48500  -4.05559301       5.02380654E-02  -4.00535488       3.35508473E-02
       48600  -4.08401823       5.01401201E-02  -4.03387833       3.35508473E-02
       48700  -4.06259489       5.04414327E-02  -4.01215363       3.35508473E-02
       48800  -4.05853367       5.02151102E-02  -4.00831842       3.35508473E-02
       48900  -4.06196165       5.02809696E-02  -4.01168060       3.35508473E-02
       49000  -4.06812429       5.02867252E-02  -4.01783752       3.35508473E-02
       49100  -4.07628441       5.03652282E-02  -4.02591896       3.35508473E-02
       49200  -4.04790545       5.03151268E-02  -3.99759030       3.35508473E-02
       49300  -4.07662010       5.02639227E-02  -4.02635622       3.35508473E-02
       49400  -4.06611729       5.02459332E-02  -4.01587152       3.35508473E-02
       49500  -4.06949329       5.02676480E-02  -4.01922560       3.35508473E-02
       49600  -4.07603359       5.03322855E-02  -4.02570152       3.35508473E-02
       49700  -4.08749914       5.03749400E-02  -4.03712416       3.35508473E-02
       49800  -4.06822824       5.03176264E-02  -4.01791048       3.35508473E-02
       49900  -4.09680653       5.03010862E-02  -4.04650545       3.35508473E-02
       50000  -4.09973383       5.03469296E-02  -4.04938698       3.35508473E-02
