   i  221  311  321  421  422  433  441  444  544  555  665  666
  
           1           0           0           0           0           0           0           0           3           0           0           0           0
           2           0           1           0           5           2           1           0           3           2           0           0           0
           3           0           2           0           6           3           3           0           5           7           0           0           1
           4           0           2           0           6           3           3           0           6           7           0           0           1
           5           0           2           0           7           3           6           0           6          10           4           0           1
           6           0           2           0           7           3           6           0           6          10           4           0           1
           7           0           2           0           8           3           8           0           8          14           6           0           3
           8           0           2           0           8           3           8           0           8          14           6           0           3
           9           0           3           0           9           3          10           0          10          19           7           0           3
          10           0           3           0           9           3          10           0          10          19           7           0           3
          11           0           5           0          14           3          12           0          10          21           7           0           3
          12           0           5           0          14           3          12           0          14          21           7           0           3
          13           0           6           0          21           4          14           0          14          22           7           0           3
          14           0           8           0          28           4          14           0          14          22           7           0           3
          15           0           8           0          36           4          16           0          14          24           7           0           3
          16           0           9           0          43           5          17           0          14          24           7           0           3
          17           0           9           0          51           5          19           0          14          26           7           0           3
          18           0          11           0          60           5          19           0          14          26           7           0           3
          19           0          13           0          65           5          21           0          15          28           7           0           3
          20           0          15           0          74           5          21           0          15          28           7           0           3
          21           0          17           0          79           5          23           0          15          30           7           0           3
          22           0          19           0          84           5          25           0          15          31           7           0           3
          23           0          19           0          92           5          27           0          15          33           7           0           3
          24           0          19           0          96           5          29           0          16          39           7           0           3
          25           0          23           0          96           5          29           0          18          45           7           0           4
          26           0          24           0         103           6          31           0          18          46           7           0           4
          27           0          27           0         103           7          32           0          19          50           7           0           4
          28           0          28           0         108           8          34           0          19          52           7           0           4
          29           0          28           0         116           8          36           0          19          54           7           0           4
          30           0          28           0         118           8          40           0          20          58           7           0           6
          31           0          28           0         126           8          42           0          20          60           7           0           6
          32           0          28           0         131           8          43           0          21          65           8           0           6
          33           0          28           0         139           8          43           0          22          69           8           0           6
          34           0          28           0         142           8          43           0          25          75           8           0           9
          35           0          28           0         150           8          45           0          25          77           8           0           9
          36           0          28           0         155           8          48           0          25          80           9           0           9
          37           0          28           0         163           8          50           0          25          82           9           0           9
          38           0          28           0         167           8          52           0          26          88           9           0           9
          39           0          29           0         171           9          55           0          26          90          10           0           9
          40           0          29           0         179           9          57           0          26          92          10           0           9
          41           0          29           0         187           9          59           0          26          94          10           0           9
          42           0          29           0         192           9          63           0          26          96          10           0          10
          43           0          29           0         200           9          65           0          26          98          10           0          10
          44           0          29           0         208           9          67           0          26         100          10           0          10
          45           0          29           0         213           9          71           0          26         102          10           0          11
          46           0          31           0         218           9          73           0          26         104          10           0          11
          47           0          31           0         226           9          75           0          26         106          10           0          11
          48           0          33           0         235           9          75           0          26         106          10           0          11
          49           0          33           0         243           9          77           0          26         108          10           0          11
          50           0          33           0         247           9          81           0          26         112          10           0          11
          51           0          33           0         251           9          83           0          27         118          10           0          11
          52           0          37           0         258           9          83           0          27         118          10           0          11
          53           0          37           0         263           9          85           0          28         122          10           0          12
          54           0          38           0         270           9          86           0          28         123          10           0          12
          55           0          40           0         272           9          88           0          29         126          10           0          13
          56           0          40           0         277           9          91           0          29         129          10           0          13
          57           0          42           0         279           9          96           0          30         131          10           0          13
          58           0          45           0         280          10          98           0          31         134          10           0          14
          59           0          49           0         283          10          98           0          32         138          10           0          14
          60           0          50           0         290          11         100           0          32         139          10           0          14
          61           0          52           0         295          11         102           0          32         141          10           0          14
          62           0          53           0         296          12         105           0          33         145          11           0          14
          63           0          53           0         301          13         108           0          33         148          11           0          14
          64           0          53           0         305          13         110           0          34         154          11           0          14
          65           0          55           0         314          13         110           0          34         154          11           0          14
          66           0          56           0         321          14         112           0          34         155          11           0          14
          67           0          56           0         329          14         114           0          34         157          11           0          14
          68           0          56           0         334          14         118           0          34         159          11           0          15
          69           0          56           0         336          14         122           0          35         163          11           0          17
          70           0          56           0         338          14         124           0          37         169          11           0          19
          71           0          56           0         341          16         127           0          37         173          11           0          19
          72           0          56           0         349          16         129           0          37         175          11           0          19
          73           0          56           0         353          16         133           0          37         179          11           0          19
          74           0          58           0         358          16         135           0          38         181          11           0          19
          75           0          59           0         361          16         138           0          39         185          11           0          19
          76           0          59           0         369          16         140           0          39         187          11           0          19
          77           0          61           0         369          16         143           0          40         192          11           0          19
          78           0          62           0         370          17         146           0          41         196          12           0          19
          79           0          62           0         370          17         150           0          42         199          14           0          20
          80           0          63           0         371          18         152           0          43         203          14           0          21
          81           0          63           0         372          18         153           0          46         208          15           0          25
          82           0          64           0         376          18         155           0          46         210          16           0          25
          83           0          64           0         377          18         158           0          47         213          17           0          26
          84           0          64           0         385          18         158           0          48         217          17           0          26
          85           0          64           0         393          18         160           0          48         219          17           0          26
          86           0          64           0         401          18         162           0          48         221          17           0          26
          87           0          64           0         413          18         162           0          48         221          17           0          26
          88           0          64           0         425          18         162           0          48         221          17           0          26
          89           0          65           0         428          20         164           0          49         223          17           0          27
          90           0          65           0         440          20         164           0          49         223          17           0          27
          91           0          67           0         449          20         164           0          49         223          17           0          27
          92           0          71           0         456          20         164           0          49         223          17           0          27
          93           0          73           0         461          20         166           0          49         225          17           0          27
          94           0          73           0         473          20         166           0          49         225          17           0          27
          95           0          74           0         480          21         168           0          49         226          17           0          27
          96           0          74           0         492          21         168           0          49         226          17           0          27
          97           0          76           0         494          23         169           0          50         230          17           0          27
          98           0          76           0         496          23         172           0          51         235          18           0          28
          99           0          76           0         501          23         174           0          51         238          18           0          28
         100           0          79           0         505          23         177           0          52         238          18           0          28
         101           0          79           0         517          23         177           0          52         238          18           0          28
         102           0          80           0         524          23         178           0          52         239          18           0          28
         103           0          80           0         536          23         178           0          52         239          18           0          28
         104           0          80           0         541          23         182           0          52         241          18           0          29
         105           0          80           0         546          23         184           0          53         245          18           0          30
         106           0          80           0         549          23         187           0          54         248          19           0          31
         107           0          80           0         552          23         189           0          55         252          21           0          32
         108           0          82           0         554          23         191           0          56         256          21           0          32
