       30100   6.79314584E-02   8.15483481E-02  0.513157904    
       30200   5.75463101E-02   8.51806849E-02  0.508806586    
       30300   6.24713600E-02   7.97311738E-02  0.525431514    
       30400   6.00395203E-02   8.72473046E-02  0.517099857    
       30500   6.19185604E-02   8.32697898E-02  0.510294318    
       30600   6.35961592E-02   7.79319778E-02  0.328656405    
       30700   4.53245007E-02   8.83903056E-02  0.288661361    
       30800   5.58939986E-02   8.05665553E-02  0.332318008    
       30900   5.68009689E-02   7.98242986E-02  0.300514996    
       31000   6.70212731E-02   6.93009123E-02  0.328115493    
       31100   4.91206795E-02   8.12613741E-02  0.328229219    
       31200   5.63616939E-02   8.23277831E-02  0.300137460    
       31300   5.90400249E-02   7.52952024E-02  0.343812287    
       31400   5.60480841E-02   7.00225383E-02  0.312997758    
       31500   5.67785017E-02   7.66661614E-02  0.305450141    
       31600   6.22615591E-02   7.46223107E-02  0.316801459    
       31700   4.74054143E-02   8.01555291E-02  0.276357114    
       31800   5.20896427E-02   6.73834011E-02  0.295275599    
       31900   5.11225723E-02   7.29672313E-02  0.305066735    
       32000   5.02573401E-02   7.08446875E-02  0.305328488    
       32100   5.67204691E-02   7.01463297E-02  0.299743563    
       32200   5.79027347E-02   7.31003061E-02  0.306382984    
       32300   6.18275478E-02   7.84967393E-02  0.317017734    
       32400   6.21980689E-02   8.36352631E-02  0.299214989    
       32500   6.33856505E-02   7.81654716E-02  0.319518507    
       32600   4.82695810E-02   7.71098956E-02  0.301305413    
       32700   5.53874075E-02   8.42917711E-02  0.305236071    
       32800   5.97196817E-02   7.54113346E-02  0.341712356    
       32900   5.16217463E-02   7.94883519E-02  0.336987972    
       33000   5.29500768E-02   7.88199678E-02  0.314674735    
       33100   6.19522519E-02   7.84224868E-02  0.297824115    
       33200   7.12311938E-02   7.87534565E-02  0.316395462    
       33300   6.03996366E-02   8.20466280E-02  0.309112936    
       33400   7.45540485E-02   7.74508342E-02  0.321695387    
       33500   5.91698103E-02   7.23018870E-02  0.290264159    
       33600   6.84847534E-02   7.21617863E-02  0.323885411    
       33700   6.29360005E-02   6.90021217E-02  0.317106456    
       33800   5.09679355E-02   8.13672096E-02  0.297943145    
       33900   6.52273744E-02   6.50742576E-02  0.329505444    
       34000   5.47759160E-02   8.17866325E-02  0.293043613    
       34100   6.00573421E-02   7.92213678E-02  0.290931046    
       34200   6.15640581E-02   7.68416300E-02  0.309181660    
       34300   5.80693819E-02   8.05429891E-02  0.302714944    
       34400   7.01968595E-02   7.81321526E-02  0.326720595    
       34500   5.80792688E-02   8.07926804E-02  0.304268301    
       34600   6.34606630E-02   8.52229521E-02  0.331456393    
       34700   5.56479655E-02   8.99742916E-02  0.286859214    
       34800   6.12615347E-02   8.71275142E-02  0.304946303    
       34900   5.42141236E-02   8.35231617E-02  0.328018218    
       35000   5.22905365E-02   8.36347193E-02  0.298824579    
       35100   5.51192984E-02   8.19993988E-02  0.284204155    
       35200   5.87172545E-02   7.60313123E-02  0.291478485    
       35300   6.34583235E-02   7.92470053E-02  0.317898899    
       35400   5.25841340E-02   8.63882229E-02  0.291316092    
       35500   6.23858795E-02   7.36457705E-02  0.299908698    
       35600   4.51788977E-02   7.92904794E-02  0.308520317    
       35700   6.76129460E-02   6.80708215E-02  0.332875460    
       35800   5.78287803E-02   6.83980063E-02  0.288388938    
       35900   5.31672500E-02   8.32447186E-02  0.315813452    
       36000   6.42551929E-02   6.99023232E-02  0.337454200    
       36100   5.95201962E-02   7.42484033E-02  0.323565125    
       36200   6.52041435E-02   7.72394910E-02  0.300426573    
       36300   5.61371557E-02   7.17645288E-02  0.299044162    
       36400   6.73488081E-02   6.38362840E-02  0.358582765    
       36500   6.15127571E-02   7.56379068E-02  0.301032811    
       36600   5.75987846E-02   6.96048662E-02  0.295592695    
       36700   6.21297285E-02   7.09403008E-02  0.306547165    
       36800   5.02793305E-02   7.45885521E-02  0.310282350    
       36900   5.81448302E-02   7.37816915E-02  0.339001060    
       37000   5.09217270E-02   7.61559382E-02  0.282562703    
       37100   6.62705675E-02   6.99268728E-02  0.312614262    
       37200   6.18242733E-02   6.39561415E-02  0.321912587    
       37300   5.37585430E-02   6.18071370E-02  0.316476852    
       37400   5.13792075E-02   6.15337975E-02  0.322976649    
       37500   4.53518145E-02   6.94590956E-02  0.289739341    
       37600   5.49317151E-02   7.17754140E-02  0.310773909    
       37700   5.26315793E-02   6.57894760E-02  0.299304307    
       37800   6.49666041E-02   6.49666041E-02  0.321645409    
       37900   5.56645058E-02   8.02534297E-02  0.310303211    
       38000   4.92025279E-02   8.47126096E-02  0.272645205    
       38100   5.55639677E-02   7.85768330E-02  0.284632862    
       38200   5.64818978E-02   7.81132653E-02  0.304791957    
       38300   5.78324236E-02   7.57437795E-02  0.299180329    
       38400   6.44865558E-02   6.93765283E-02  0.313569695    
       38500   4.92176823E-02   9.66124833E-02  0.288774103    
       38600   5.84119260E-02   7.78825656E-02  0.319440216    
       38700   5.84108569E-02   7.77794719E-02  0.336129338    
       38800   5.98911084E-02   7.54688457E-02  0.310042351    
       38900   6.61731362E-02   7.53890350E-02  0.302915841    
       39000   6.00183271E-02   8.06353092E-02  0.332162499    
       39100   6.00301661E-02   8.43137279E-02  0.297134250    
       39200   6.47964627E-02   7.89754540E-02  0.324439704    
       39300   5.88861853E-02   8.03408399E-02  0.333688378    
       39400   5.04392609E-02   7.66434446E-02  0.326416224    
       39500   6.03710450E-02   7.80109465E-02  0.304592460    
       39600   7.15368316E-02   7.68414661E-02  0.307365865    
       39700   6.36624843E-02   7.95402974E-02  0.321941644    
       39800   5.72120473E-02   7.97638893E-02  0.293779314    
       39900   5.96406460E-02   7.70043805E-02  0.313604116    
       40000   5.12627773E-02   7.89236352E-02  0.276458204    
