  -1.89999998               1
  -1.70000005               5
  -1.50000000               8
  -1.29999995              10
  -1.09999990              10
 -0.899999976              11
 -0.699999928              17
 -0.500000000              12
 -0.299999952              21
 -0.100000024               8
  0.100000143              10
  0.299999952              17
  0.500000000              11
  0.700000048              17
  0.900000095              10
   1.10000014               7
   1.29999995               9
   1.50000000               5
   1.70000005               3
   1.90000010               0
  -1.89999998               3
  -1.70000005               9
  -1.50000000               6
  -1.29999995               9
  -1.09999990               6
 -0.899999976              14
 -0.699999928              15
 -0.500000000              14
 -0.299999952              13
 -0.100000024              22
  0.100000143              11
  0.299999952              12
  0.500000000              11
  0.700000048               9
  0.900000095              15
   1.10000014               7
   1.29999995               9
   1.50000000               6
   1.70000005               3
   1.90000010               1
