   1.25000002E-02   0.00000000    
   3.75000015E-02   0.00000000    
   6.25000000E-02   0.00000000    
   8.74999985E-02   0.00000000    
  0.112500004       0.00000000    
  0.137500003       0.00000000    
  0.162500009       0.00000000    
  0.187500000       0.00000000    
  0.212500006       0.00000000    
  0.237499997       0.00000000    
  0.262500018       0.00000000    
  0.287499994       0.00000000    
  0.312500000       0.00000000    
  0.337500006       0.00000000    
  0.362500012       0.00000000    
  0.387500018       0.00000000    
  0.412499994       0.00000000    
  0.437500000       0.00000000    
  0.462500006       0.00000000    
  0.487500012       0.00000000    
  0.512499988       0.00000000    
  0.537500024       0.00000000    
  0.562500000       0.00000000    
  0.587500036       0.00000000    
  0.612500012       0.00000000    
  0.637499988       0.00000000    
  0.662500024       0.00000000    
  0.687500000       0.00000000    
  0.712500036       0.00000000    
  0.737500012       0.00000000    
  0.762499988       8.34501261E-05
  0.787500024       6.25891471E-03
  0.812500000       8.15074891E-02
  0.837500036      0.423484147    
  0.862500012       1.16180921    
  0.887499988       1.98049903    
  0.912500024       2.62732935    
  0.937500000       2.87297964    
  0.962500036       2.77401447    
  0.987500012       2.52304912    
   1.01250005       2.22019196    
   1.03750002       1.89270377    
   1.06250000       1.59847891    
   1.08749998       1.37690485    
   1.11250007       1.17913318    
   1.13750005       1.01376283    
   1.16250002      0.894296348    
   1.18750000      0.799889624    
   1.21249998      0.726453185    
   1.23750007      0.670815468    
   1.26250005      0.628014028    
   1.28750002      0.602424860    
   1.31250000      0.575218618    
   1.33749998      0.575099647    
   1.36250007      0.579021275    
   1.38750005      0.585840702    
   1.41250002      0.610033393    
   1.43750000      0.633803129    
   1.46249998      0.671394289    
   1.48750007      0.716777563    
   1.51250005      0.774259567    
   1.53750002      0.831160009    
   1.56250000      0.891253948    
   1.58749998      0.964004993    
   1.61250007       1.02037334    
   1.63750005       1.07812560    
   1.66250002       1.13898230    
   1.68750000       1.19005811    
   1.71249998       1.22136545    
   1.73750007       1.25654876    
   1.76250005       1.27407730    
   1.78750002       1.28594065    
   1.81250000       1.28516245    
   1.83749998       1.27511823    
   1.86250007       1.24725986    
   1.88750005       1.20998466    
   1.91250002       1.16402638    
   1.93750000       1.12463462    
   1.96249998       1.08071923    
   1.98750007       1.02724206    
   2.01250005      0.984526753    
   2.03750014      0.941579223    
   2.06250000      0.901103139    
   2.08750010      0.877793789    
   2.11249995      0.855795324    
   2.13750005      0.831572473    
   2.16250014      0.828310132    
   2.18750000      0.830192089    
   2.21250010      0.828290343    
   2.23749995      0.837571681    
   2.26250005      0.853518128    
   2.28750014      0.868243277    
   2.31250000      0.890632749    
   2.33750010      0.913822532    
   2.36249995      0.946499705    
   2.38750005      0.975193918    
   2.41250014       1.00412405    
   2.43750000       1.02847099    
   2.46250010       1.05654311    
   2.48749995       1.07561123    
   2.51250005       1.08918417    
   2.53750014       1.10739839    
   2.56250000       1.10452497    
   2.58750010       1.10372519    
   2.61249995       1.10705233    
   2.63750005       1.09868455    
   2.66250014       1.09343493    
   2.68750000       1.08191645    
   2.71250010       1.06588900    
   2.73749995       1.05135214    
   2.76250005       1.03816211    
   2.78750014       1.02472603    
   2.81250000       1.00566924    
   2.83750010      0.987080812    
   2.86249995      0.972189665    
   2.88750005      0.964304507    
   2.91250014      0.952032983    
   2.93750000      0.938179791    
   2.96250010      0.937234819    
   2.98749995      0.932161629    
   3.01250005      0.929309428    
   3.03750014      0.933474183    
   3.06250000      0.941933274    
   3.08750010      0.940982461    
   3.11249995      0.947416484    
   3.13750005      0.957147658    
   3.16250014      0.966932356    
   3.18750000      0.979954183    
   3.21250010      0.991832495    
   3.23749995       1.00088954    
   3.26250005       1.01688051    
   3.28750014       1.02398777    
   3.31250000       1.03487861    
   3.33750010       1.04227901    
   3.36249995       1.04270577    
   3.38750005       1.04631007    
   3.41250014       1.04420042    
   3.43750000       1.04754496    
   3.46250010       1.04292047    
   3.48749995       1.03890657    
   3.51250005       1.03231335    
   3.53750014       1.02824473    
   3.56250000       1.02058756    
   3.58750010       1.00973582    
   3.61249995       1.00452805    
