   1.25000002E-02   0.00000000    
   3.75000015E-02   0.00000000    
   6.25000000E-02   0.00000000    
   8.74999985E-02   0.00000000    
  0.112500004       0.00000000    
  0.137500003       0.00000000    
  0.162500009       0.00000000    
  0.187500000       0.00000000    
  0.212500006       0.00000000    
  0.237499997       0.00000000    
  0.262500018       0.00000000    
  0.287499994       0.00000000    
  0.312500000       0.00000000    
  0.337500006       0.00000000    
  0.362500012       0.00000000    
  0.387500018       0.00000000    
  0.412499994       0.00000000    
  0.437500000       0.00000000    
  0.462500006       0.00000000    
  0.487500012       0.00000000    
  0.512499988       0.00000000    
  0.537500024       0.00000000    
  0.562500000       0.00000000    
  0.587500036       0.00000000    
  0.612500012       0.00000000    
  0.637499988       0.00000000    
  0.662500024       0.00000000    
  0.687500000       0.00000000    
  0.712500036       0.00000000    
  0.737500012       0.00000000    
  0.762499988       0.00000000    
  0.787500024       0.00000000    
  0.812500000       6.80522025E-02
  0.837500036      0.192150414    
  0.862500012      0.543521225    
  0.887499988       1.71110892    
  0.912500024       2.15819049    
  0.937500000       2.96471405    
  0.962500036       2.81270361    
  0.987500012       2.85638785    
   1.01250005       2.27884054    
   1.03750002       2.54596949    
   1.06250000       2.50718188    
   1.08749998       1.48152816    
   1.11250007       1.34309363    
   1.13750005       1.14581954    
   1.16250002      0.864355147    
   1.18750000      0.955785930    
   1.21249998      0.733424366    
   1.23750007      0.381382495    
   1.26250005      0.366428852    
   1.28750002      0.487848699    
   1.31250000      0.365122795    
   1.33749998      0.452058375    
   1.36250007      0.435622960    
   1.38750005      0.443402857    
   1.41250002      0.562954187    
   1.43750000      0.608770549    
   1.46249998      0.609142482    
   1.48750007      0.751277804    
   1.51250005      0.687369704    
   1.53750002      0.855250716    
   1.56250000      0.644082367    
   1.58749998      0.909194469    
   1.61250007      0.915778995    
   1.63750005      0.904786646    
   1.66250002       1.25164104    
   1.68750000       1.35683239    
   1.71249998       1.27154517    
   1.73750007       1.33939278    
   1.76250005       1.67770481    
   1.78750002       1.29362750    
   1.81250000       1.69582784    
   1.83749998       1.49031854    
   1.86250007       1.26925898    
   1.88750005       1.36196649    
   1.91250002      0.933523715    
   1.93750000      0.969434619    
   1.96249998      0.979889989    
   1.98750007      0.932645023    
   2.01250005      0.820870459    
   2.03750014       1.00648522    
   2.06250000      0.644256771    
   2.08750010      0.680463195    
   2.11249995      0.694666564    
   2.13750005       1.01283967    
   2.16250014      0.931923509    
