   0.00000000       0.00000000       0.00000000    
   0.00000000      0.710796356      0.710796356    
  0.710796356       0.00000000      0.710796356    
  0.710796356      0.710796356       0.00000000    
   1.42159271       0.00000000       0.00000000    
   1.42159271      0.710796356      0.710796356    
   2.13238907       0.00000000      0.710796356    
   2.13238907      0.710796356       0.00000000    
   2.84318542       0.00000000       0.00000000    
   2.84318542      0.710796356      0.710796356    
   3.55398178       0.00000000      0.710796356    
   3.55398178      0.710796356       0.00000000    
   4.26477814       0.00000000       0.00000000    
   4.26477814      0.710796356      0.710796356    
   4.97557449       0.00000000      0.710796356    
   4.97557449      0.710796356       0.00000000    
   5.68637085       0.00000000       0.00000000    
   5.68637085      0.710796356      0.710796356    
   6.39716721       0.00000000      0.710796356    
   6.39716721      0.710796356       0.00000000    
   0.00000000       1.42159271       0.00000000    
   0.00000000       2.13238907      0.710796356    
  0.710796356       1.42159271      0.710796356    
  0.710796356       2.13238907       0.00000000    
   1.42159271       1.42159271       0.00000000    
   1.42159271       2.13238907      0.710796356    
   2.13238907       1.42159271      0.710796356    
   2.13238907       2.13238907       0.00000000    
   2.84318542       1.42159271       0.00000000    
   2.84318542       2.13238907      0.710796356    
   3.55398178       1.42159271      0.710796356    
   3.55398178       2.13238907       0.00000000    
   4.26477814       1.42159271       0.00000000    
   4.26477814       2.13238907      0.710796356    
   4.97557449       1.42159271      0.710796356    
   4.97557449       2.13238907       0.00000000    
   5.68637085       1.42159271       0.00000000    
   5.68637085       2.13238907      0.710796356    
   6.39716721       1.42159271      0.710796356    
   6.39716721       2.13238907       0.00000000    
   0.00000000       2.84318542       0.00000000    
   0.00000000       3.55398178      0.710796356    
  0.710796356       2.84318542      0.710796356    
  0.710796356       3.55398178       0.00000000    
   1.42159271       2.84318542       0.00000000    
   1.42159271       3.55398178      0.710796356    
   2.13238907       2.84318542      0.710796356    
   2.13238907       3.55398178       0.00000000    
   2.84318542       2.84318542       0.00000000    
   2.84318542       3.55398178      0.710796356    
   3.55398178       2.84318542      0.710796356    
   3.55398178       3.55398178       0.00000000    
   4.26477814       2.84318542       0.00000000    
   4.26477814       3.55398178      0.710796356    
   4.97557449       2.84318542      0.710796356    
   4.97557449       3.55398178       0.00000000    
   5.68637085       2.84318542       0.00000000    
   5.68637085       3.55398178      0.710796356    
   6.39716721       2.84318542      0.710796356    
   6.39716721       3.55398178       0.00000000    
   0.00000000       4.26477814       0.00000000    
   0.00000000       4.97557449      0.710796356    
  0.710796356       4.26477814      0.710796356    
  0.710796356       4.97557449       0.00000000    
   1.42159271       4.26477814       0.00000000    
   1.42159271       4.97557449      0.710796356    
   2.13238907       4.26477814      0.710796356    
   2.13238907       4.97557449       0.00000000    
   2.84318542       4.26477814       0.00000000    
   2.84318542       4.97557449      0.710796356    
   3.55398178       4.26477814      0.710796356    
   3.55398178       4.97557449       0.00000000    
   4.26477814       4.26477814       0.00000000    
   4.26477814       4.97557449      0.710796356    
   4.97557449       4.26477814      0.710796356    
   4.97557449       4.97557449       0.00000000    
   5.68637085       4.26477814       0.00000000    
   5.68637085       4.97557449      0.710796356    
   6.39716721       4.26477814      0.710796356    
   6.39716721       4.97557449       0.00000000    
   0.00000000       5.68637085       0.00000000    
   0.00000000       6.39716721      0.710796356    
  0.710796356       5.68637085      0.710796356    
  0.710796356       6.39716721       0.00000000    
   1.42159271       5.68637085       0.00000000    
   1.42159271       6.39716721      0.710796356    
   2.13238907       5.68637085      0.710796356    
   2.13238907       6.39716721       0.00000000    
   2.84318542       5.68637085       0.00000000    
   2.84318542       6.39716721      0.710796356    
   3.55398178       5.68637085      0.710796356    
   3.55398178       6.39716721       0.00000000    
   4.26477814       5.68637085       0.00000000    
   4.26477814       6.39716721      0.710796356    
   4.97557449       5.68637085      0.710796356    
   4.97557449       6.39716721       0.00000000    
   5.68637085       5.68637085       0.00000000    
   5.68637085       6.39716721      0.710796356    
   6.39716721       5.68637085      0.710796356    
   6.39716721       6.39716721       0.00000000    
   0.00000000       0.00000000       1.42159271    
   0.00000000      0.710796356       2.13238907    
  0.710796356       0.00000000       2.13238907    
  0.710796356      0.710796356       1.42159271    
   1.42159271       0.00000000       1.42159271    
   1.42159271      0.710796356       2.13238907    
   2.13238907       0.00000000       2.13238907    
   2.13238907      0.710796356       1.42159271    
   2.84318542       0.00000000       1.42159271    
   2.84318542      0.710796356       2.13238907    
   3.55398178       0.00000000       2.13238907    
   3.55398178      0.710796356       1.42159271    
   4.26477814       0.00000000       1.42159271    
   4.26477814      0.710796356       2.13238907    
   4.97557449       0.00000000       2.13238907    
   4.97557449      0.710796356       1.42159271    
   5.68637085       0.00000000       1.42159271    
   5.68637085      0.710796356       2.13238907    
   6.39716721       0.00000000       2.13238907    
   6.39716721      0.710796356       1.42159271    
   0.00000000       1.42159271       1.42159271    
   0.00000000       2.13238907       2.13238907    
  0.710796356       1.42159271       2.13238907    
  0.710796356       2.13238907       1.42159271    
   1.42159271       1.42159271       1.42159271    
   1.42159271       2.13238907       2.13238907    
   2.13238907       1.42159271       2.13238907    
   2.13238907       2.13238907       1.42159271    
   2.84318542       1.42159271       1.42159271    
   2.84318542       2.13238907       2.13238907    
   3.55398178       1.42159271       2.13238907    
   3.55398178       2.13238907       1.42159271    
   4.26477814       1.42159271       1.42159271    
   4.26477814       2.13238907       2.13238907    
   4.97557449       1.42159271       2.13238907    
   4.97557449       2.13238907       1.42159271    
   5.68637085       1.42159271       1.42159271    
   5.68637085       2.13238907       2.13238907    
   6.39716721       1.42159271       2.13238907    
   6.39716721       2.13238907       1.42159271    
   0.00000000       2.84318542       1.42159271    
   0.00000000       3.55398178       2.13238907    
  0.710796356       2.84318542       2.13238907    
  0.710796356       3.55398178       1.42159271    
   1.42159271       2.84318542       1.42159271    
   1.42159271       3.55398178       2.13238907    
   2.13238907       2.84318542       2.13238907    
   2.13238907       3.55398178       1.42159271    
   2.84318542       2.84318542       1.42159271    
   2.84318542       3.55398178       2.13238907    
   3.55398178       2.84318542       2.13238907    
   3.55398178       3.55398178       1.42159271    
   4.26477814       2.84318542       1.42159271    
   4.26477814       3.55398178       2.13238907    
   4.97557449       2.84318542       2.13238907    
   4.97557449       3.55398178       1.42159271    
   5.68637085       2.84318542       1.42159271    
   5.68637085       3.55398178       2.13238907    
   6.39716721       2.84318542       2.13238907    
   6.39716721       3.55398178       1.42159271    
   0.00000000       4.26477814       1.42159271    
   0.00000000       4.97557449       2.13238907    
  0.710796356       4.26477814       2.13238907    
  0.710796356       4.97557449       1.42159271    
   1.42159271       4.26477814       1.42159271    
   1.42159271       4.97557449       2.13238907    
   2.13238907       4.26477814       2.13238907    
   2.13238907       4.97557449       1.42159271    
   2.84318542       4.26477814       1.42159271    
   2.84318542       4.97557449       2.13238907    
   3.55398178       4.26477814       2.13238907    
   3.55398178       4.97557449       1.42159271    
   4.26477814       4.26477814       1.42159271    
   4.26477814       4.97557449       2.13238907    
   4.97557449       4.26477814       2.13238907    
   4.97557449       4.97557449       1.42159271    
   5.68637085       4.26477814       1.42159271    
   5.68637085       4.97557449       2.13238907    
   6.39716721       4.26477814       2.13238907    
   6.39716721       4.97557449       1.42159271    
   0.00000000       5.68637085       1.42159271    
   0.00000000       6.39716721       2.13238907    
  0.710796356       5.68637085       2.13238907    
  0.710796356       6.39716721       1.42159271    
   1.42159271       5.68637085       1.42159271    
   1.42159271       6.39716721       2.13238907    
   2.13238907       5.68637085       2.13238907    
   2.13238907       6.39716721       1.42159271    
   2.84318542       5.68637085       1.42159271    
   2.84318542       6.39716721       2.13238907    
   3.55398178       5.68637085       2.13238907    
   3.55398178       6.39716721       1.42159271    
   4.26477814       5.68637085       1.42159271    
   4.26477814       6.39716721       2.13238907    
   4.97557449       5.68637085       2.13238907    
   4.97557449       6.39716721       1.42159271    
   5.68637085       5.68637085       1.42159271    
   5.68637085       6.39716721       2.13238907    
   6.39716721       5.68637085       2.13238907    
   6.39716721       6.39716721       1.42159271    
   0.00000000       0.00000000       2.84318542    
   0.00000000      0.710796356       3.55398178    
  0.710796356       0.00000000       3.55398178    
  0.710796356      0.710796356       2.84318542    
   1.42159271       0.00000000       2.84318542    
   1.42159271      0.710796356       3.55398178    
   2.13238907       0.00000000       3.55398178    
   2.13238907      0.710796356       2.84318542    
   2.84318542       0.00000000       2.84318542    
   2.84318542      0.710796356       3.55398178    
   3.55398178       0.00000000       3.55398178    
   3.55398178      0.710796356       2.84318542    
   4.26477814       0.00000000       2.84318542    
   4.26477814      0.710796356       3.55398178    
   4.97557449       0.00000000       3.55398178    
   4.97557449      0.710796356       2.84318542    
   5.68637085       0.00000000       2.84318542    
   5.68637085      0.710796356       3.55398178    
   6.39716721       0.00000000       3.55398178    
   6.39716721      0.710796356       2.84318542    
   0.00000000       1.42159271       2.84318542    
   0.00000000       2.13238907       3.55398178    
  0.710796356       1.42159271       3.55398178    
  0.710796356       2.13238907       2.84318542    
   1.42159271       1.42159271       2.84318542    
   1.42159271       2.13238907       3.55398178    
   2.13238907       1.42159271       3.55398178    
   2.13238907       2.13238907       2.84318542    
   2.84318542       1.42159271       2.84318542    
   2.84318542       2.13238907       3.55398178    
   3.55398178       1.42159271       3.55398178    
   3.55398178       2.13238907       2.84318542    
   4.26477814       1.42159271       2.84318542    
   4.26477814       2.13238907       3.55398178    
   4.97557449       1.42159271       3.55398178    
   4.97557449       2.13238907       2.84318542    
   5.68637085       1.42159271       2.84318542    
   5.68637085       2.13238907       3.55398178    
   6.39716721       1.42159271       3.55398178    
   6.39716721       2.13238907       2.84318542    
   0.00000000       2.84318542       2.84318542    
   0.00000000       3.55398178       3.55398178    
  0.710796356       2.84318542       3.55398178    
  0.710796356       3.55398178       2.84318542    
   1.42159271       2.84318542       2.84318542    
   1.42159271       3.55398178       3.55398178    
   2.13238907       2.84318542       3.55398178    
   2.13238907       3.55398178       2.84318542    
   2.84318542       2.84318542       2.84318542    
   2.84318542       3.55398178       3.55398178    
   3.55398178       2.84318542       3.55398178    
   3.55398178       3.55398178       2.84318542    
   4.26477814       2.84318542       2.84318542    
   4.26477814       3.55398178       3.55398178    
   4.97557449       2.84318542       3.55398178    
   4.97557449       3.55398178       2.84318542    
   5.68637085       2.84318542       2.84318542    
   5.68637085       3.55398178       3.55398178    
   6.39716721       2.84318542       3.55398178    
   6.39716721       3.55398178       2.84318542    
   0.00000000       4.26477814       2.84318542    
   0.00000000       4.97557449       3.55398178    
  0.710796356       4.26477814       3.55398178    
  0.710796356       4.97557449       2.84318542    
   1.42159271       4.26477814       2.84318542    
   1.42159271       4.97557449       3.55398178    
   2.13238907       4.26477814       3.55398178    
   2.13238907       4.97557449       2.84318542    
   2.84318542       4.26477814       2.84318542    
   2.84318542       4.97557449       3.55398178    
   3.55398178       4.26477814       3.55398178    
   3.55398178       4.97557449       2.84318542    
   4.26477814       4.26477814       2.84318542    
   4.26477814       4.97557449       3.55398178    
   4.97557449       4.26477814       3.55398178    
   4.97557449       4.97557449       2.84318542    
   5.68637085       4.26477814       2.84318542    
   5.68637085       4.97557449       3.55398178    
   6.39716721       4.26477814       3.55398178    
   6.39716721       4.97557449       2.84318542    
   0.00000000       5.68637085       2.84318542    
   0.00000000       6.39716721       3.55398178    
  0.710796356       5.68637085       3.55398178    
  0.710796356       6.39716721       2.84318542    
   1.42159271       5.68637085       2.84318542    
   1.42159271       6.39716721       3.55398178    
   2.13238907       5.68637085       3.55398178    
   2.13238907       6.39716721       2.84318542    
   2.84318542       5.68637085       2.84318542    
   2.84318542       6.39716721       3.55398178    
   3.55398178       5.68637085       3.55398178    
   3.55398178       6.39716721       2.84318542    
   4.26477814       5.68637085       2.84318542    
   4.26477814       6.39716721       3.55398178    
   4.97557449       5.68637085       3.55398178    
   4.97557449       6.39716721       2.84318542    
   5.68637085       5.68637085       2.84318542    
   5.68637085       6.39716721       3.55398178    
   6.39716721       5.68637085       3.55398178    
   6.39716721       6.39716721       2.84318542    
   0.00000000       0.00000000       4.26477814    
   0.00000000      0.710796356       4.97557449    
  0.710796356       0.00000000       4.97557449    
  0.710796356      0.710796356       4.26477814    
   1.42159271       0.00000000       4.26477814    
   1.42159271      0.710796356       4.97557449    
   2.13238907       0.00000000       4.97557449    
   2.13238907      0.710796356       4.26477814    
   2.84318542       0.00000000       4.26477814    
   2.84318542      0.710796356       4.97557449    
   3.55398178       0.00000000       4.97557449    
   3.55398178      0.710796356       4.26477814    
   4.26477814       0.00000000       4.26477814    
   4.26477814      0.710796356       4.97557449    
   4.97557449       0.00000000       4.97557449    
   4.97557449      0.710796356       4.26477814    
   5.68637085       0.00000000       4.26477814    
   5.68637085      0.710796356       4.97557449    
   6.39716721       0.00000000       4.97557449    
   6.39716721      0.710796356       4.26477814    
   0.00000000       1.42159271       4.26477814    
   0.00000000       2.13238907       4.97557449    
  0.710796356       1.42159271       4.97557449    
  0.710796356       2.13238907       4.26477814    
   1.42159271       1.42159271       4.26477814    
   1.42159271       2.13238907       4.97557449    
   2.13238907       1.42159271       4.97557449    
   2.13238907       2.13238907       4.26477814    
   2.84318542       1.42159271       4.26477814    
   2.84318542       2.13238907       4.97557449    
   3.55398178       1.42159271       4.97557449    
   3.55398178       2.13238907       4.26477814    
   4.26477814       1.42159271       4.26477814    
   4.26477814       2.13238907       4.97557449    
   4.97557449       1.42159271       4.97557449    
   4.97557449       2.13238907       4.26477814    
   5.68637085       1.42159271       4.26477814    
   5.68637085       2.13238907       4.97557449    
   6.39716721       1.42159271       4.97557449    
   6.39716721       2.13238907       4.26477814    
   0.00000000       2.84318542       4.26477814    
   0.00000000       3.55398178       4.97557449    
  0.710796356       2.84318542       4.97557449    
  0.710796356       3.55398178       4.26477814    
   1.42159271       2.84318542       4.26477814    
   1.42159271       3.55398178       4.97557449    
   2.13238907       2.84318542       4.97557449    
   2.13238907       3.55398178       4.26477814    
   2.84318542       2.84318542       4.26477814    
   2.84318542       3.55398178       4.97557449    
   3.55398178       2.84318542       4.97557449    
   3.55398178       3.55398178       4.26477814    
   4.26477814       2.84318542       4.26477814    
   4.26477814       3.55398178       4.97557449    
   4.97557449       2.84318542       4.97557449    
   4.97557449       3.55398178       4.26477814    
   5.68637085       2.84318542       4.26477814    
   5.68637085       3.55398178       4.97557449    
   6.39716721       2.84318542       4.97557449    
   6.39716721       3.55398178       4.26477814    
   0.00000000       4.26477814       4.26477814    
   0.00000000       4.97557449       4.97557449    
  0.710796356       4.26477814       4.97557449    
  0.710796356       4.97557449       4.26477814    
   1.42159271       4.26477814       4.26477814    
   1.42159271       4.97557449       4.97557449    
   2.13238907       4.26477814       4.97557449    
   2.13238907       4.97557449       4.26477814    
   2.84318542       4.26477814       4.26477814    
   2.84318542       4.97557449       4.97557449    
   3.55398178       4.26477814       4.97557449    
   3.55398178       4.97557449       4.26477814    
   4.26477814       4.26477814       4.26477814    
   4.26477814       4.97557449       4.97557449    
   4.97557449       4.26477814       4.97557449    
   4.97557449       4.97557449       4.26477814    
   5.68637085       4.26477814       4.26477814    
   5.68637085       4.97557449       4.97557449    
   6.39716721       4.26477814       4.97557449    
   6.39716721       4.97557449       4.26477814    
   0.00000000       5.68637085       4.26477814    
   0.00000000       6.39716721       4.97557449    
  0.710796356       5.68637085       4.97557449    
  0.710796356       6.39716721       4.26477814    
   1.42159271       5.68637085       4.26477814    
   1.42159271       6.39716721       4.97557449    
   2.13238907       5.68637085       4.97557449    
   2.13238907       6.39716721       4.26477814    
   2.84318542       5.68637085       4.26477814    
   2.84318542       6.39716721       4.97557449    
   3.55398178       5.68637085       4.97557449    
   3.55398178       6.39716721       4.26477814    
   4.26477814       5.68637085       4.26477814    
   4.26477814       6.39716721       4.97557449    
   4.97557449       5.68637085       4.97557449    
   4.97557449       6.39716721       4.26477814    
   5.68637085       5.68637085       4.26477814    
   5.68637085       6.39716721       4.97557449    
   6.39716721       5.68637085       4.97557449    
   6.39716721       6.39716721       4.26477814    
   0.00000000       0.00000000       5.68637085    
   0.00000000      0.710796356       6.39716721    
  0.710796356       0.00000000       6.39716721    
  0.710796356      0.710796356       5.68637085    
   1.42159271       0.00000000       5.68637085    
   1.42159271      0.710796356       6.39716721    
   2.13238907       0.00000000       6.39716721    
   2.13238907      0.710796356       5.68637085    
   2.84318542       0.00000000       5.68637085    
   2.84318542      0.710796356       6.39716721    
   3.55398178       0.00000000       6.39716721    
   3.55398178      0.710796356       5.68637085    
   4.26477814       0.00000000       5.68637085    
   4.26477814      0.710796356       6.39716721    
   4.97557449       0.00000000       6.39716721    
   4.97557449      0.710796356       5.68637085    
   5.68637085       0.00000000       5.68637085    
   5.68637085      0.710796356       6.39716721    
   6.39716721       0.00000000       6.39716721    
   6.39716721      0.710796356       5.68637085    
   0.00000000       1.42159271       5.68637085    
   0.00000000       2.13238907       6.39716721    
  0.710796356       1.42159271       6.39716721    
  0.710796356       2.13238907       5.68637085    
   1.42159271       1.42159271       5.68637085    
   1.42159271       2.13238907       6.39716721    
   2.13238907       1.42159271       6.39716721    
   2.13238907       2.13238907       5.68637085    
   2.84318542       1.42159271       5.68637085    
   2.84318542       2.13238907       6.39716721    
   3.55398178       1.42159271       6.39716721    
   3.55398178       2.13238907       5.68637085    
   4.26477814       1.42159271       5.68637085    
   4.26477814       2.13238907       6.39716721    
   4.97557449       1.42159271       6.39716721    
   4.97557449       2.13238907       5.68637085    
   5.68637085       1.42159271       5.68637085    
   5.68637085       2.13238907       6.39716721    
   6.39716721       1.42159271       6.39716721    
   6.39716721       2.13238907       5.68637085    
   0.00000000       2.84318542       5.68637085    
   0.00000000       3.55398178       6.39716721    
  0.710796356       2.84318542       6.39716721    
  0.710796356       3.55398178       5.68637085    
   1.42159271       2.84318542       5.68637085    
   1.42159271       3.55398178       6.39716721    
   2.13238907       2.84318542       6.39716721    
   2.13238907       3.55398178       5.68637085    
   2.84318542       2.84318542       5.68637085    
   2.84318542       3.55398178       6.39716721    
   3.55398178       2.84318542       6.39716721    
   3.55398178       3.55398178       5.68637085    
   4.26477814       2.84318542       5.68637085    
   4.26477814       3.55398178       6.39716721    
   4.97557449       2.84318542       6.39716721    
   4.97557449       3.55398178       5.68637085    
   5.68637085       2.84318542       5.68637085    
   5.68637085       3.55398178       6.39716721    
   6.39716721       2.84318542       6.39716721    
   6.39716721       3.55398178       5.68637085    
   0.00000000       4.26477814       5.68637085    
   0.00000000       4.97557449       6.39716721    
  0.710796356       4.26477814       6.39716721    
  0.710796356       4.97557449       5.68637085    
   1.42159271       4.26477814       5.68637085    
   1.42159271       4.97557449       6.39716721    
   2.13238907       4.26477814       6.39716721    
   2.13238907       4.97557449       5.68637085    
   2.84318542       4.26477814       5.68637085    
   2.84318542       4.97557449       6.39716721    
   3.55398178       4.26477814       6.39716721    
   3.55398178       4.97557449       5.68637085    
   4.26477814       4.26477814       5.68637085    
   4.26477814       4.97557449       6.39716721    
   4.97557449       4.26477814       6.39716721    
   4.97557449       4.97557449       5.68637085    
   5.68637085       4.26477814       5.68637085    
   5.68637085       4.97557449       6.39716721    
   6.39716721       4.26477814       6.39716721    
   6.39716721       4.97557449       5.68637085    
   0.00000000       5.68637085       5.68637085    
   0.00000000       6.39716721       6.39716721    
  0.710796356       5.68637085       6.39716721    
  0.710796356       6.39716721       5.68637085    
   1.42159271       5.68637085       5.68637085    
   1.42159271       6.39716721       6.39716721    
   2.13238907       5.68637085       6.39716721    
   2.13238907       6.39716721       5.68637085    
   2.84318542       5.68637085       5.68637085    
   2.84318542       6.39716721       6.39716721    
   3.55398178       5.68637085       6.39716721    
   3.55398178       6.39716721       5.68637085    
   4.26477814       5.68637085       5.68637085    
   4.26477814       6.39716721       6.39716721    
   4.97557449       5.68637085       6.39716721    
   4.97557449       6.39716721       5.68637085    
   5.68637085       5.68637085       5.68637085    
   5.68637085       6.39716721       6.39716721    
   6.39716721       5.68637085       6.39716721    
   6.39716721       6.39716721       5.68637085    
