   2.61603570       1.14407575       3.51442136E-02
   5.56101464E-02  -1.00006545      -2.62153029    
   2.72939277      -1.77864563      0.934757710    
   2.76859307      -2.17885160       3.33473253    
  0.443094581       1.56831443      0.956310153    
   1.01043296      0.438424766      -2.62518072    
   3.51159143     -0.809439182       1.68579447    
  -2.39099503      0.688303411       1.08351445    
   3.15038538      -1.28763366     -0.702165008    
   2.65313268      0.294721752      -1.61803710    
  -2.33887959       4.17013913E-02   3.28574729    
   2.16352296       1.87770426       3.05894804    
  -1.12186551     -0.879633009     -0.526982546    
   2.02459455      0.317224592      -2.42863297    
  -1.06366193       1.95429730      0.346608758    
  -3.16577291      -1.25434244     -0.385963082    
  -2.85995221      0.294721276      -2.09475970    
  -1.01423800      -1.31213558       2.05647779    
 -0.370327234     -0.569150388       2.07586932    
  0.947736144      -3.45134568     -0.297685146    
  -1.50429142       1.47043216       1.12433624    
  -1.80827284       1.65524507       2.71833324    
  -1.96580994      -2.93399286       1.11431909    
   1.61238503       1.81530094       2.26836872    
   2.04246696E-02   1.86304307     -0.840981424    
  0.692569017      -1.48869348      -1.93719947    
  0.695030391     -0.883527577       1.10864604    
   3.33415556      0.645114183      0.303942442    
  -2.90246058      0.771986842      0.394582927    
  -1.03469110      0.443352789      -3.49026179    
   2.62218976       1.07279897       2.63264394    
   2.80797148       3.48904490     -0.469320863    
 -0.496756852      -3.03363372E-02  -2.05931783    
   2.93674922     -0.718479276      0.992899418    
  0.616350114       2.48517132       1.04817629    
   3.39816117      0.404319137     -0.554846346    
  -2.82900429     -0.157439217       1.30296516    
  -3.37223887      -1.03071141      0.826248407    
  0.741318524       2.96499228     -0.605141938    
 -0.983084500       1.20092487       2.16981363    
 -0.866829336      -1.41468084      -1.37021780    
  -1.44263673      -2.96406174      -1.82179463    
  -3.36926007       1.96083665     -0.662296534    
  -1.81242275      0.352240175     -0.126617000    
  -2.43172812       1.53115070      0.929368854    
   6.94497377E-02   2.09782100      -2.75563431    
  -1.67908084      -1.52271271     -0.327758312    
   1.97933483      -3.16201138     -0.758936524    
   2.53645992      0.177735075       1.81952510E-02
  -1.50085604       1.82441723     -0.771853089    
  -3.18125868       3.16331911       1.20771742    
  -2.59914041      -2.38158250       1.71883452    
  -1.29505873       2.87430191      0.181580618    
  -1.86418092       2.01713181       6.09503984E-02
  -1.69710994      -3.46660590      -4.01200615E-02
  -2.95909667       2.42098212       1.48294270    
  -2.21405125       1.21103859     -0.635173380    
  0.968804181      0.957282364      -3.38232613    
   3.32231426      -3.55349016       1.69057834    
  -2.03847694     -0.418928474      -2.14200354    
   1.26511097      -2.32375646      -1.56872332    
 -0.225957453       2.15207386       3.38644242    
   7.75311794E-03   2.63769197       2.43217134    
  -2.65080786     -0.434086084      -1.27781689    
  0.840297997      -2.78880858     -0.923658133    
   1.10609578E-02   5.59669919E-02   2.54971480    
  0.736127555      -1.70259345       1.77371788    
   2.64724302       3.16607094      0.445652157    
   1.81947970      0.345949054      0.630697429    
  0.310043633       2.06349540      -1.81175160    
  -3.32701468      0.794121504       1.17805099    
   2.97630572       2.85399532      -1.86362815    
 -0.938140988      -1.92693865     -0.536341429    
  0.206379622      -2.50485229       1.36619115    
  -1.07768774      -2.89277720       1.03197920    
 -0.305702329      -2.08904648       7.95501173E-02
  0.401585191      0.470236838      -1.89078856    
  -2.81805253      -2.08655453      -1.35908508    
  -1.40609050      -3.53931856      -3.58875942    
  0.197574064      -2.53624630       2.29364181    
   1.23070550      -2.04543233      0.979742229    
   3.31880736     -0.385239154      -1.83661766E-02
  -2.44636130     -0.624240220      -2.59405822E-02
   1.69121134      -2.96303582       1.13897467    
  -1.67438090      -1.89830279      -1.24272788    
  0.578448296      -1.93101311     -0.417482048    
  -2.51077533      -2.17123461       3.34937644    
  -2.80061936      -3.09700727       2.18160272    
   1.41701710       3.60178638       3.40768290    
   3.37263060      -2.00833178      -2.47685432    
   2.28695989      -2.50725102      0.604960561    
  0.180290535      -3.52597833     -0.754243612    
   3.57027912       1.94637906E-02   2.07227182    
   3.55541897     -0.848380685       2.64082789    
 -0.769424558      -1.29386032      0.361201972    
  -3.20106792     -0.348663211     -0.570350230    
 -0.444468498      0.449158907       1.73566258    
   3.25361562      0.447146922       2.87533069    
  -3.59527445      -3.24643636       2.48844838    
 -0.840268373       1.32171822     -0.359910995    
  -1.42483020      -2.18316603       1.63315320    
   1.10140480E-02   2.24169612       1.58758652    
   2.67224193      -2.30623558E-02   3.34196758    
   3.40077519      -2.76751018       3.30416274    
   3.15527725       2.75492787      -3.13933921    
  -3.26082611       1.63265181       3.11942673    
  -3.11501074      -5.56577332E-02  0.292248845    
  0.623791516       2.06803441       2.81796241    
 -0.613926351      0.637704015       2.76885009    
   1.92422950       1.38352895      0.572933257    
  -3.14253640      -3.07503963       1.26596093    
  -1.18092883      0.773008406      0.469213903    
   1.35011828     -0.597446561      0.400683790    
  -3.12567186     -0.623508155      -2.06457210    
  -1.07122374     -0.483266026       1.39020729    
 -0.795021713      0.402011275     -0.343166471    
  0.451225281      -1.71362436       2.86160612    
   2.68159032      -3.11244106       1.17730606    
  -1.74285126      0.768786788       3.01604724    
  0.477326125     -0.860041022       2.26597428    
   2.84161344E-02  0.627432227       9.32338983E-02
  -1.17414546      -3.57474279       1.73545051    
  -3.38671994       2.67123222       3.00463510    
   2.71737576      0.387023687      0.863858700    
   1.59259331      0.152071625     -0.253419966    
 -0.842441142      -2.99471378       2.51265559E-02
 -0.648405969      0.648665488      -2.69359851    
  -3.35045457       1.84561956      -1.60471320    
   2.75134897     -0.137847856       1.67713797    
  -3.09840059       3.03327489      0.252147704    
  -1.79135585       3.49692917       2.41558337    
 -0.971976042       2.08664894       2.65383482    
   3.27461171     -0.377762586      -2.01541281    
   3.56787872       2.99077249      -1.18975592    
  -2.92144442      0.468887240       2.10016990    
   2.94322038       1.29308367      0.940955281    
 -0.264670968      -1.12840760       1.17860305    
  0.876075149       1.66319752      -2.68604016    
  0.687899053       1.59627557       2.05550933    
  0.393517137     -0.209310949      0.600638390    
  -9.67323184E-02   3.12406087     -0.184332818    
  -2.17376351      -2.82681322      -3.29966474    
  0.446261555       2.17484736     -0.173343256    
 -0.358035922      -2.68933988     -0.707105219    
  0.215657830       3.33752894      0.673010051    
  0.271487057      0.600645006       1.11116195    
   3.05761051       1.77698576       3.03611970    
  -3.12187028      -2.81176567       2.47352961E-02
 -0.578119814      -3.45645714       3.34630799    
  -1.60872424      -1.58700192       3.11885214    
   3.51484799      -2.53071022       1.52337909    
  -1.90669048       3.47593474     -0.888246775    
  -1.44754207       1.24772203      -3.11804843    
  -2.33375597       1.09300292      -2.31090784    
   3.43547320       1.94349766      -3.32458949    
  -2.25269008      -1.33921862      -1.90848529    
   2.33005691     -0.754537463      0.222236544    
  -1.74711418       2.57198501       2.74201298    
  -7.70008564E-02   1.57861960      0.179799557    
  -2.55132341       2.26452804       3.41803598    
  -1.44565773       2.13309002       3.58662701    
  0.310827404     -0.161140144       1.53543651    
   1.59895444       3.21645761     -0.294406831    
   2.75776410      -3.17520165      0.158795416    
 -0.548472047       1.52805197      0.965430319    
   2.91214585      -1.64066267      -3.21605968    
   1.27213860       2.64490366      -2.86966729    
  -2.28590822      -2.60908747      0.311433405    
   2.21518326      0.186745495       2.47990727    
   2.63038445      -1.20891368       3.10077715    
   2.00828195       2.86538482       3.60567403    
  -3.02936268      -2.24594140      0.937779725    
   3.00109935      -1.42069709      0.195652291    
  -1.78322554      -1.14431679      0.423283935    
   5.30492254E-02  -2.90710735      0.581967771    
  -1.34222960      0.229983419       2.25287938    
  -2.17239857      -3.21416688       2.85745525    
  -2.64743114       1.40837681       2.60351706    
  -2.31950116     -0.989300549       2.88933468    
  -2.61064863       3.42022634      -3.36849761    
   1.25097215       1.23365700      -2.05734181    
 -0.549503744      -1.76474500      -2.89302421    
 -0.638307214       2.92546225       1.41245329    
   1.30210006       1.44703424       3.06753683    
 -0.931846023      -2.12878084       2.52980256    
   1.43063438      -2.18544436     -0.530442238    
   2.34266400       3.25274682       1.47278154    
   1.45261192     -0.893460035     -0.504972339    
  -1.52073705     -0.751068771       2.58770490    
  -2.49458051      -1.79385316      0.141506314    
  -1.59184039       3.24299884       1.01497090    
   2.12047815      -1.38399386     -0.934647977    
   2.43688393       2.15035987       1.24612164    
  -1.51474237      -1.02524018      -2.59033394    
  -3.07865858     -0.147464797       2.76982284    
  -2.06248021      -1.36634028       1.78887904    
   2.40555310       1.39797843       1.79145122    
   1.22692597       7.87461028E-02   1.32906353    
  -1.86340082      0.323299855      -1.63051057    
  0.149435565      -1.85222507      -1.23768401    
  0.717645824       2.47221279      -3.53997946    
 -0.781767249       1.94948721      -3.10315919    
  -1.93453860E-02  0.906379998     -0.740737081    
  0.691802800      -5.51189594E-02 -0.283822089    
  0.126634315      -1.39471340      -3.54634929    
  0.317302316      0.995679677       2.94259572    
  0.800884485      -1.18288291      -1.05840540    
   2.88283300      -2.31392860      -9.19970572E-02
   1.66279161       3.43093371      -2.96654034    
   1.37892449      0.460138977      -1.70251560    
  0.934924006     -0.483645558      -2.21577883    
   2.78501105     -0.523537755       2.41495514    
   3.37669134       2.47534585      0.629981279    
   1.40381789       2.57024050       3.09626245    
  -3.56981874      0.331437439      -2.67257547    
 -0.364945441      -1.14001179       2.78765893    
  -3.28196764       1.13632643      -2.37222362    
  -2.53083301      -3.33850956     -0.299159825    
  -1.94958866       1.45383239      -1.53268468    
 -0.971669912       2.90875530       3.28540373    
   2.32187581      -2.24034309      -2.51129842    
  -1.34701931       1.80800629      -2.35922027    
  -1.31629348      0.854513526      -2.05605531    
  -2.85694575       1.62866664      -3.06057644    
  0.907621026      0.100691266      -3.38498497    
   3.43387175      -1.75982237       2.63795209    
  0.494446605       1.62499976      -3.58784938    
   3.13585782      0.817116737       1.67648864    
  -2.27821970       1.18485689       3.50739360    
  -1.32741296       2.79688859      -2.41659808    
   2.69747782     -0.763608515      -3.30557823    
  -1.72349727      -2.52361965       3.19863701    
  -2.50390172       1.91868770      -2.12555027    
  0.976975322       2.84677792      0.301741183    
   2.78510714      0.182203844      -2.74199152    
   3.38770962       1.63738477       1.83094721E-02
  -2.92541599      -3.59235907      -1.22832417    
  -2.30805016      -2.86315632      -1.32705724    
  0.670569539       2.84764481      -1.54964137    
 -0.381287426       2.55417228      -2.08341074    
  0.967194259      -2.56367254      0.195283592    
 -0.793415308       3.54328156      0.577213705    
 -0.228497058       1.61296117       2.58334494    
   2.03354979      -2.73837543      -3.21837163    
 -0.850441515      -2.58644891      -3.47741795    
   2.32078385      0.627353787     -0.839976490    
   3.28839827       1.82936490       1.55700636    
   3.03503895      -2.59962964       2.47745371    
   2.48700523      -2.41755605       1.73141932    
  -3.32968044       3.09090447       2.15160179    
  -3.04351354      0.726230025       3.00693607    
   3.45884728       2.72114611     -0.204968765    
   1.80413234      0.710641146       3.39068317    
  -2.66937447       2.95474744     -0.673268199    
  -2.26700163       2.62792611      0.927811921    
  -2.56224680      -1.03234696      -2.65797830    
  -1.90524352      -2.22102904      -2.05774975    
   8.27916935E-02 -0.930897772      -1.51703322    
   1.95419562       3.11333847      -1.83661950    
 -0.486649781     -0.304924399      -3.09314132    
  -1.04447770       1.38990593       3.18715739    
 -0.612284541      -2.66422033       1.79595661    
  0.685348630       3.29825592       2.85040903    
   1.39739597      -1.23207533      -2.84433150    
   1.73059368      -2.98015594       3.05548161E-02
   1.52029765      -2.54472685       1.96264255    
  -1.18184936      -3.09810853       2.72650409    
   2.31866169      -3.06548071       3.18842220    
   3.01421213      -2.88883924     -0.898661852    
   1.89959061     -0.926092923       3.61700177    
   2.77092743       2.24119234       2.25840831    
  -2.69755387     -0.728444934       2.01526761    
   2.31726146      -3.14276409       2.20493340    
  -1.32782304      0.431425691       1.40170789    
  -3.44001651      -1.12589204      -1.30825281    
  -2.10737228      -2.02887130       2.42789483    
  -1.81586289      -2.85332274       2.04801321    
  -3.39788818      0.339987189      -1.38377202    
  -2.63721776       2.31390834       2.42832041    
  -2.92469478      -1.49906826       2.53959656    
 -0.374477714      -2.69472885       2.97712922    
  0.489223838       1.20510769      -1.41532052    
  0.984726012      -1.73893857      -3.60351729    
   1.41169345      -3.22766232       2.55078053    
   3.04902387      -2.70811272      -3.01642036    
  -3.17553091      -2.34200525       2.54124475    
  -2.51296949       2.05304980      -1.00367093    
   2.03583384     -0.456598043       1.19177496    
 -0.287820458      -3.41871524       1.39246416    
  -1.83303750     -0.320451558     -0.789627850    
   2.26434088       2.23562789      -1.68245184    
 -0.509186149      0.204865828      0.716882467    
 -0.134238169      -1.77992070       1.90527284    
  -1.89104438     -0.312268198      -3.17243075    
  -2.02853751      0.490376592      -2.95023799    
  -2.47496653     -0.996524334       1.05137277    
   1.20716631       1.10571861       1.25046241    
   2.93616223       2.15946412      -2.47527051    
  -2.86987638      0.561619818      -3.26655865    
   1.45377028      0.781925499       2.34598088    
   1.60979974     -0.195484564       3.17891812    
 -0.443084568      0.714150131      -1.52409863    
 -0.954991758       2.43818164      -1.21493673    
   4.38558124E-02  0.311229289      -3.60222340    
   2.55291796      -1.75391293       2.43101573    
  -2.93851662       2.69084740      -1.54391909    
  0.639202356      0.616142035       2.03256297    
  -2.91792154      -3.05466557       3.39072108    
   3.06371427      -1.33255422      -1.92589736    
   3.52626085      -1.03833008       3.56880045    
  -1.47353685     -0.136706635       3.30258393    
   2.47106576      -1.06672049       1.75807512    
  -2.03449368       1.16603065      0.254805177    
  -2.96089816      -3.58908796      -2.09722304    
  -2.30842066      -2.30218649     -0.552208483    
  -3.55374002      -3.52513480     -0.252821237    
   3.26922703       2.78122830       1.49240887    
  -3.13951230       2.59480429      -3.20667386    
  0.204828292     -0.472039372       3.29053068    
  -1.18785727       3.29260755      -1.71891165    
 -0.886033714       3.32097888     -0.789337993    
  0.879155576       2.66698670       2.15919399    
  0.367044747       2.94269514      -2.79932284    
  -6.55837506E-02   1.25632286       1.82287264    
   2.56583738       1.11379600       3.59908581    
  0.828841269      -3.47226954      -3.00292516    
   3.08395171       1.52997494      -1.85554528    
   2.28900003       1.07353139      -1.74539411    
   2.89973545       3.13034153       2.31414437    
   1.90901923       1.97389376      -2.53747368    
  -3.57520938      -3.50296721E-02  -3.58193231    
  -1.79594374       3.01295567      -3.37156940    
  -3.55651903      -1.97241926       3.48311043    
  -1.43469369       2.80958748       1.94478166    
 -0.473086804       1.45803630      -2.29937696    
  -2.37592053       3.36230135       1.46143472    
  -2.33824015       2.82714295      -2.53883338    
   3.16046572       2.20399475      -1.11946738    
  -2.78955054      0.939294338      -1.44483352    
   2.25484228       2.70197439     -0.805699646    
   2.08056808       3.21501088       2.67005324    
 -0.843000174       2.13489199       1.81093919    
  0.934365928      -3.40126944      0.755786538    
   1.80890274       2.55297422      0.563410401    
   2.51423240       2.00443435      -3.31274629    
   2.28513122      -3.35761142      -2.47767949    
   2.59953356       2.22468424       3.12301181E-02
   2.54058814     -0.668456554      -1.62918615    
   2.39010406       2.97958112      -2.68606544    
  -3.17931628      -2.53885174      -2.06257939    
  0.401348174      -1.63251770      0.714279711    
  -2.12770963       3.27238417      -1.74350512    
   3.55880141       1.19211936       2.34413767    
  -3.24165821      -1.53979909      -3.04169583    
  -1.15822899      -1.68874133      -2.25169134    
   2.34318185      -1.81248426      -1.69363165    
  0.231865689       3.16626811       1.62280035    
  -3.47965741      -2.02950764     -0.629211068    
  -2.36896372      -2.89370012      -2.25176430    
 -0.531368673      -2.09723234       1.03539920    
  0.178536311      -2.64961743      -1.73206341    
   1.28900158      -3.10118079      -2.31357360    
   2.55983377      -3.56115150      -1.43966651    
   1.49983144      -1.63607705       2.32885766    
   1.10772228     -0.917048812       2.92810655    
   1.92261529      -1.85874689      -3.27821779    
  0.280828625      -2.91578031      -2.53674483    
  -2.71525335       3.29224110       3.03471494    
   2.02057695       2.56966853       1.88396072    
   2.28848386      -1.28168225      -2.56276631    
  -2.37739205      -1.20642483     -0.878558159    
 -0.162966982       3.41804099      -2.14182901    
   1.89985037     -0.807586670       2.50668859    
  0.355803698      -1.84635913      -2.76768994    
 -0.604534745      -1.82900071       3.30891848    
   3.26182365       3.43793654       3.16852450    
  -2.88756013       1.53220856       1.76880121    
  -1.43130291      -1.86721289      -3.20711017    
 -0.164416045      -3.53415394      -2.99864793    
  -1.97029686       2.17489243      -2.98122454    
   1.31021225      -2.14808583      -2.60096240    
  0.220583305      -8.78364816E-02  -2.64522338    
   2.34169459      -2.26532912     -0.845229328    
   1.59521616      -1.43062997      -2.01574874    
   3.35525560      -2.10364413      -1.41974127    
  0.811551034     -0.764338791      -3.24056244    
  0.126169816      -2.51769996      -3.29933405    
  -3.14839053      -1.65608573      -2.07263517    
  -1.94341576     -0.515796542       1.61796069    
   1.55585265     -0.762465239      -1.44364774    
   2.23957705     -0.458438903     -0.793897688    
  -2.85298181     -0.665015876       3.60799479    
  -3.03777599      -1.50805843       1.56127214    
  -3.49028945      -1.89290619      0.242269561    
  -1.60419405     -0.861064732      -1.48413229    
  -3.43633747       3.46142864      -3.39906836    
  -3.34872913       1.77723515      0.906503737    
 -0.807701826       1.54803824      -1.46340656    
  0.908392012      0.423195690       3.03569269    
 -0.817155778     -0.803845108      -2.05749726    
   1.24415636      -8.95847455E-02   2.32228208    
  0.579017818      -3.40097046      -1.73759270    
   2.09879756      -2.74144745      -1.65511668    
  -2.85412145     -0.201253787      -2.84650111    
   1.87860191       1.14260185      -2.89581680    
  -7.68955946E-02 -0.267375052     -0.818829596    
   1.14890862      -1.42656863      0.188341439    
   2.44945049       1.68904614     -0.721254587    
  0.975614905      0.688565731      0.411990076    
  -2.56642175      0.307666481     -0.644681394    
   3.49968791      0.992052138      -3.54920220    
 -0.519249976       2.83458018      -3.07128620    
   3.16167831       1.13265896      -1.02231812    
   1.46106446       2.23439026     -0.311755776    
  -3.45453644       2.97990870      -2.22549891    
  -1.25383651      -2.16557336      0.385062844    
  -1.22986352     -0.275695443      0.453667074    
  -2.16693926     -0.182963535      0.605974615    
 -0.342994362       2.50711250      0.503549218    
   1.87171721      -1.78773487       1.53683674    
  0.946082652      0.688821316     -0.878420711    
  -1.46999216      -2.81521916     -0.756974041    
   3.35831070      -2.65699434      0.576495051    
  -2.15137053      -1.90431368      0.941129029    
   1.53384507       1.92408931      -3.40888309    
  0.230882928       1.05807126      -2.67128778    
   1.36422300       2.01684880       1.32204819    
 -0.547418892      -2.62482405      -2.59847069    
   1.21234035       2.26737738      -1.96392345    
 -0.557529092       2.33152723     -0.372414261    
  -2.59083605      -3.39423609      0.598082125    
   3.17506456      -1.62708247       1.76341915    
  -2.77471709       1.97306657       7.55187497E-02
  -2.10690475       1.06440544       1.99822736    
  -3.07956147       1.00729644     -0.508297682    
  -4.95319739E-02  -3.42369604       2.32316613    
  0.699183047       1.30720818     -0.266202360    
 -0.229428783      -1.69885039      -2.08251858    
 -0.643682659     -0.298919559       2.95528102    
 -0.724790394       3.27484369       2.44493246    
 -0.293796092       1.22061050      -3.60136795    
  -1.40028977       2.34642434       1.10341620    
   1.53678560       3.56068063       1.84139860    
   3.55365348      -3.29641700      -1.54691017    
 -0.961906850      -3.58187699      -2.53050876    
 -0.659488201      -3.26460743      -1.29855430    
   2.83236790       2.71045709       3.17475200    
   3.49085259      -8.35552290E-02   1.06068897    
  -2.01613927       1.99746954       1.87280655    
   1.28737617       2.95847249       1.26707482    
   1.12202525       1.78738868      0.330217838    
 -0.990884423      -1.03153765      -3.53237438    
   2.62111688       3.53798056      -3.43809772    
  -3.20041251      -2.61588621      -3.07523561    
  -3.29428124       2.15611577      -2.39133501    
   3.16347814       3.60191393      -2.42726398    
   1.20202720      -2.74077773      -3.38317990    
  -1.87739170      -3.55467582      -2.60647702    
  -1.88165641       2.63201499     -0.589331746    
  -1.74391773E-02   2.99464154       3.27771020    
  -1.45382237      -2.71284032      -2.74437904    
   1.42180240     -0.918508172       1.66622484    
   1.40541995       2.73504686      -1.12876618    
   1.72094679      -2.39177537       2.86612129    
   1.70195496     -0.303448200      -3.03894734    
   3.14144301     -0.350713164      -1.00801134    
   3.47905111      -3.54906368      0.619687736    
   1.02420640       3.29665542      -2.27692914    
 -0.971609771     -0.173710957      -1.20012808    
   1.39141679      -3.46469235      -1.30630076    
   2.04471922      -1.76954901      -2.89295595E-02
 -0.290702343      -1.34828711     -0.634589136    
  -1.30526757      -1.39269261E-02  -2.49033976    
 -0.423338890     -0.543543398      0.106305055    
  -3.26967192      -2.77296996     -0.957755268    
  -1.78216541       2.42870259      -1.60869920    
   2.96127915      -2.83096242      -2.05458641    
  -2.27371264      -1.31633103      -3.50335360    
  0.361172467      -3.27535081       3.43541241    
 -0.688295424      -2.31333160      -1.64926100    
  0.700441003      -3.20236468       1.77828908    
   1.98311329      -1.34235680      0.799812853    
  0.357948333     -0.812798440      -3.84642580E-03
   1.58775771       1.51302290      -1.27532601    
  0.778592348     -0.299485505      -1.37699866    
   1.69737113       3.48883772      0.592283607    
   2.03701735      0.408651501       1.52308452    
  0.828943014      -2.66338778       2.97690797    
   1.90654337     -0.499313414      -2.23291731    
   3.62158704     -0.675333500      -2.86715436    
   2.77161956       1.11349499      -2.67515922    
  0.879461110       2.05018568      -1.00095427    
   1.52327740       1.15608811     -0.277040839    
  -1.23795485      0.696318209      -1.02766633    
  -2.37635422      -2.04149175      -2.83567071    
  -9.73262787E-02   2.69013453      -1.13434935    
  -2.23933077       3.12388515      0.138816223    
  -2.21540952      -4.91784811E-02   2.42348981    
  -1.38735521      -1.37509930       1.18985677    
  -3.46922660       2.05723929       2.32821584    
