  -4.79781302E-05   5.68544419E-05   8.70560762E-04
   2.46060709E-03  -2.84214318E-03   3.63617844E-04
   4.94222215E-04  -1.16500421E-04   2.42107012E-03
  -5.57596446E-04   7.15493807E-04   8.23452545E-04
   1.65452133E-03  -1.23323116E-03   1.53102889E-03
  -4.12487600E-04   2.78142421E-03  -3.79000953E-03
   2.38289102E-03   2.87222443E-03  -1.23605167E-03
  -4.67324746E-04   5.08868601E-04   2.37967563E-03
  -9.34986921E-04   1.73175230E-03  -2.27117453E-05
  -2.33061379E-03  -9.93526541E-04   9.56197677E-04
   1.27022946E-03   1.46267633E-03  -4.19326680E-04
  -1.28059834E-03  -1.01187534E-03   1.59483970E-05
  -1.95074675E-03  -1.00809964E-03   1.39902649E-03
   1.79072682E-04  -1.96938869E-04  -1.87674817E-03
  -7.54507957E-04  -1.18817428E-04   1.33292552E-03
  -2.76645558E-04  -3.83811374E-03  -2.04989128E-03
   1.93161797E-03  -1.92063279E-03   1.50488282E-03
   3.49731673E-03  -7.58675393E-04  -3.85612919E-04
  -3.04584624E-03   1.34278496E-03  -6.49112859E-04
   3.06690903E-03   6.91829540E-04  -4.98443493E-04
  -1.89089193E-03  -2.37038778E-03   1.37134848E-04
   6.90123416E-04   1.46530604E-03   1.03742140E-03
   5.14707353E-04  -2.24556378E-03  -3.28581809E-04
  -1.30826852E-03   3.51216993E-03   3.70402558E-04
  -2.23499187E-03  -1.05079659E-03  -9.23093234E-04
   6.99924858E-05  -1.03160646E-03  -1.99096883E-03
  -2.86099175E-03  -1.98907545E-03   3.15144192E-04
   4.03658865E-04   1.40038307E-03   1.78732025E-03
  -2.66249827E-03   1.56653498E-03   9.76823852E-04
  -3.83252802E-04  -2.70126644E-03  -1.55732490E-03
   2.01402188E-04   2.21255119E-03   3.28256545E-04
  -5.71461511E-04  -6.26294641E-04   1.13669515E-03
   3.49444708E-05  -1.98576902E-03   9.41596634E-04
   4.06213687E-04  -1.22987689E-03   2.78568524E-03
  -3.86599335E-04   2.06516613E-03  -1.19094725E-03
  -3.68487526E-04   1.54912253E-04   3.44282133E-03
   1.62028230E-03   4.07142914E-04  -4.53550834E-04
  -1.53097918E-03   1.96288829E-03  -4.35759546E-03
   2.76886189E-04   8.52169585E-04  -9.48460729E-05
   4.49621206E-04  -4.42014920E-04  -1.45713310E-03
   6.45961612E-04  -6.61874888E-04  -1.63929467E-03
   1.04992231E-03  -2.07104557E-03   1.59402916E-04
   3.21467320E-04  -1.05243281E-03   1.28047157E-03
  -1.18799892E-03  -4.20374941E-04  -9.62325837E-04
  -3.97794705E-04   1.10090477E-03  -1.21236243E-03
  -1.00342871E-03  -1.57699906E-04  -3.64588923E-04
  -4.19953326E-03   2.66470318E-03   1.54663366E-03
  -6.79489342E-04  -1.50109094E-03   7.58564915E-04
  -1.46516203E-03  -1.03694713E-03  -1.40214304E-03
  -6.98999065E-05  -2.08504964E-03  -6.32385665E-04
   1.68611226E-03   9.86657804E-04  -5.42958966E-04
   9.90772503E-04  -1.74841366E-03   3.29032104E-04
  -1.28949620E-03   1.93053085E-04  -1.03326794E-03
   1.78675051E-03   4.16204741E-04  -1.61810836E-03
  -8.35177430E-04  -5.83972724E-04   7.22331519E-04
   1.39130908E-03  -6.21815037E-04   4.38679563E-04
  -1.21310842E-03   1.07774395E-03   8.68579256E-04
  -4.39170748E-04  -5.59173233E-04  -2.08970523E-04
  -3.07734730E-03   1.04217266E-03   1.32508099E-03
  -4.75930370E-04  -6.87969732E-04  -3.20225896E-04
   1.04941661E-03  -5.75341110E-04  -7.37388385E-04
  -8.07507662E-04  -1.15827832E-03   2.32369406E-03
   6.00217259E-04   8.14051600E-05  -1.46772165E-03
  -2.78423284E-03   8.42878013E-04   1.17097504E-03
   9.26905544E-04   1.35945436E-03   4.75685869E-04
  -1.92865764E-03   3.79735400E-04   2.11106919E-04
   7.08488340E-04  -4.02207719E-04   1.61506911E-03
   1.11151580E-03  -7.23698700E-04   2.34241178E-03
   2.18378776E-03  -2.75469362E-03  -5.53772334E-05
   3.81355151E-03  -1.37610419E-04   3.27526149E-03
  -1.34878457E-04   9.08661168E-04   1.27679217E-04
  -8.37018713E-04   1.77578907E-03  -7.64673052E-04
  -1.51169905E-03  -5.34450752E-04   8.13262377E-05
   1.19956012E-03   2.48384872E-03  -8.42090230E-04
   2.99375225E-03   6.02983018E-05   3.61019024E-03
   5.40374895E-04   1.01348199E-03  -1.20563389E-04
   9.22075880E-04  -2.50810466E-04   7.70090322E-04
   1.13059161E-03  -6.06352231E-04  -1.25192699E-03
   1.84410007E-03   2.09161174E-03   1.87383615E-03
  -9.45604916E-05   5.64451679E-04   9.95225389E-04
  -9.20383973E-05  -1.34676928E-03  -1.91378547E-03
   3.56706994E-04  -1.52962151E-04  -1.62595464E-03
   2.19565438E-04  -1.72906858E-03  -1.05991421E-04
  -1.13921531E-03   1.04704569E-03  -1.96676963E-04
  -5.02177631E-04   2.72144889E-03  -1.23116269E-03
   7.79481372E-04  -7.86388933E-04  -1.37572642E-03
   9.70553374E-04  -1.16804952E-03  -1.74444437E-03
  -1.43742771E-03   1.66215716E-04   1.59014179E-03
  -6.44288550E-04   8.80694715E-04  -1.14516518E-03
  -1.00982969E-03  -1.52909406E-03   1.64286792E-03
  -1.15226768E-03  -3.01021989E-03  -6.47680485E-04
   4.71922132E-04  -7.22940058E-07  -1.46650837E-03
   4.20494558E-04   1.04883243E-03  -2.80942622E-04
  -9.20684775E-04  -1.37833541E-03   1.78092369E-03
  -2.11519958E-03   1.93177164E-03  -7.79848429E-04
  -1.87953678E-03  -1.22392911E-03  -1.82608631E-03
  -8.46534502E-04   3.77878954E-04   1.41702360E-03
  -2.32041581E-03  -3.58773948E-04  -1.30382378E-03
   1.14741572E-03  -1.70643895E-03   4.95301443E-04
  -5.44334180E-04   6.40749990E-04  -9.02851927E-04
  -4.14086498E-05  -1.64112449E-03  -5.69620985E-04
   4.90769395E-04   5.14177780E-04  -3.46340239E-03
   1.18911390E-04  -1.77215983E-03   3.15440790E-04
   7.32734916E-04  -2.39714827E-05  -1.19194516E-03
   6.49013615E-04   3.69057147E-04   1.43318623E-03
   3.58802790E-04  -3.69613688E-03   4.95298358E-04
  -2.17226241E-03   1.92411186E-04   1.06200914E-05
   8.37626983E-04  -1.44572265E-03  -2.41245679E-03
  -1.11728942E-03   6.74345705E-04  -1.22356170E-04
   1.49599498E-03   1.42878981E-03   4.36677336E-04
   7.22336874E-04  -6.38510741E-04  -2.30150064E-03
   1.79257928E-04   1.38952257E-03   9.72634298E-04
  -1.43945252E-03  -5.82260604E-04  -1.90019677E-03
   1.60273875E-03   4.70252999E-04   4.42507502E-04
   3.89857014E-04  -1.38979568E-03  -1.99869857E-03
   3.82976956E-04  -1.42829772E-03  -1.62553770E-04
   1.81927579E-03   3.57097393E-04   3.85307416E-04
   9.10482428E-04   1.28116994E-03  -1.18033087E-03
   8.43482092E-04  -3.19173676E-04   7.36338319E-04
   5.04781841E-04   2.35848641E-03  -8.92949931E-04
  -1.16432423E-03   1.65794790E-03  -1.73027010E-03
  -6.05321897E-04  -6.94346847E-04  -9.87445819E-04
  -1.67013635E-03   8.02619106E-05   1.30778353E-03
   1.25592935E-03  -1.48745414E-04   9.06931935E-04
  -2.93151662E-03   5.16242930E-04   1.07073407E-04
  -1.66661281E-04  -9.07122449E-04  -3.16332979E-03
  -8.92020937E-04   2.19253916E-03  -1.12013007E-03
   1.76311878E-03  -9.59563360E-04   9.52447124E-04
   1.89773343E-03  -6.49333640E-04   2.86392565E-03
  -9.70857916E-04  -2.30434630E-03   9.47132576E-05
  -1.22457603E-03  -6.05368172E-04  -1.76943408E-03
   1.77702575E-04   5.23225928E-04  -8.86964903E-04
  -1.51088648E-03  -4.29284526E-04   7.84446165E-05
   1.25962484E-04  -1.20564277E-04   1.31574750E-03
  -7.39038514E-04  -7.95848377E-04  -1.86920434E-03
  -5.05927135E-04   2.25564916E-04  -1.65776361E-03
  -3.31955875E-04   3.80938640E-04   7.16458890E-04
   4.55500500E-04  -1.13052723E-03   1.40369544E-03
   1.21368677E-03  -8.38737469E-04   5.04636380E-04
   2.66392017E-03  -2.27400125E-03  -6.52896299E-04
   1.17073546E-03   1.20646646E-03   9.36483499E-04
  -4.28666070E-04   4.29415348E-04   1.75363908E-03
   8.11839825E-04   1.26786719E-04   7.09786429E-04
   5.59184351E-04  -1.40499242E-03  -8.12550890E-04
  -8.55383405E-04   1.94064877E-03   2.39423476E-04
   1.26416667E-03  -1.20323629E-03   9.96783376E-04
   5.73588361E-04   1.95305992E-03  -3.52864183E-04
  -1.92203000E-03  -1.39461691E-03  -1.26209215E-03
  -3.74818640E-03   6.89215609E-04   1.27830554E-03
   4.76579182E-04   1.15368597E-03   1.34144560E-03
  -2.14915839E-03  -1.99477049E-03   1.21514662E-03
   2.22011306E-03   2.93339283E-04   1.58849882E-03
  -1.64903584E-03  -2.14980054E-03  -7.08641892E-04
  -4.72864078E-04   3.11982865E-03  -2.54541519E-03
   2.42537542E-04   1.31521502E-03   1.17507984E-03
  -1.84913154E-03  -2.06803577E-03  -2.94906640E-04
  -1.79687107E-03  -1.18547282E-03  -1.17005511E-04
  -2.19612080E-03   1.11086632E-03  -1.83882017E-03
  -3.70416848E-04   4.33326291E-04   1.72751420E-03
  -4.51162487E-04   3.17295245E-03   4.08437540E-04
   2.76700244E-04  -7.64040306E-05   1.74868305E-03
  -1.74207741E-03  -4.35864960E-04   1.70002691E-03
  -3.81804828E-04  -1.83758768E-03   1.08902657E-03
  -1.29139819E-03  -2.54470157E-03  -7.33151974E-04
   6.90418528E-05   2.47664459E-04  -1.20772631E-03
   9.79281962E-04  -8.38175940E-04   1.07195345E-03
  -7.69731763E-04   1.39345764E-03   1.13088801E-03
  -3.32164275E-03  -2.30089412E-03   6.08449554E-05
   3.29508766E-05   2.62261630E-04  -3.55859031E-03
   1.11530907E-03   3.90898087E-04   8.91161792E-04
  -1.92023290E-03   2.47394410E-03  -1.40388089E-03
  -1.91657431E-03  -2.11110877E-04  -1.89322076E-04
   1.82625686E-03  -9.99574433E-04   1.60145503E-03
   9.82168596E-04  -1.48404145E-03  -1.81147174E-04
  -1.21318371E-04   9.18178004E-04  -1.36683797E-04
  -5.65786904E-04  -9.13788390E-04  -1.56508642E-04
  -6.17618440E-04   1.99486408E-03  -1.24597631E-03
   1.54826068E-03  -3.44314566E-03   1.99248735E-03
  -9.82573620E-05   2.27383105E-03   1.51964871E-03
   8.22735426E-04  -7.93449581E-04   1.17596798E-03
  -2.17474299E-04   3.78276418E-05  -2.09891913E-03
   7.15241011E-04   4.54864930E-04  -1.45969586E-03
  -6.85943640E-04   1.67586200E-03   1.43187225E-03
  -1.34651992E-03  -6.31134608E-04   2.03042803E-03
  -1.13584148E-03  -2.72090500E-03  -1.15075056E-03
  -3.06700349E-05   1.01790729E-03  -1.17908884E-03
   1.10330724E-03   1.51880481E-03   7.40536139E-04
   3.32871289E-03  -1.45146740E-03  -5.19433408E-04
   3.72910814E-04   1.49485783E-03   8.61002423E-04
  -1.04781648E-03  -4.61154705E-04   3.33033060E-03
   1.80045114E-04   1.53692090E-03  -6.63957908E-04
   3.90679925E-04   2.03941658E-04   2.83918926E-04
   1.84741803E-03  -1.30929588E-03   2.56746134E-04
  -7.19149422E-04   4.86228149E-04   3.97588563E-04
  -2.07892124E-04  -9.93315480E-04  -3.00069543E-04
  -7.15680071E-04   3.11820488E-03   1.97616682E-04
   3.21334437E-03  -3.43497726E-04   2.50871922E-03
  -2.63626047E-04   1.63909630E-03  -1.31683215E-03
  -2.44863355E-03  -1.39740680E-03   4.64869430E-03
   7.93507614E-04  -2.44813692E-03   1.88394706E-03
   2.77082482E-03  -5.36521955E-04  -2.58371141E-03
   1.95372035E-03  -1.13937433E-03  -9.29392991E-04
  -1.83632306E-03   6.87020714E-04  -5.71344390E-05
  -2.00771727E-03  -2.03717058E-03   8.79448256E-04
   6.89249777E-04  -1.59177510E-03   1.31256017E-03
  -1.44707598E-03   1.06703362E-03  -3.04708839E-03
  -4.89867874E-04   1.96567667E-03   1.83298590E-03
   7.29773776E-04   7.18837255E-04   1.03000528E-03
  -3.20200343E-04   1.78529159E-03  -8.51733610E-04
  -1.13871507E-03  -2.61639798E-04  -1.80326810E-03
   5.27782133E-04   2.46961776E-04  -7.95944128E-04
  -3.02588288E-03   1.06120273E-03  -1.75192195E-03
   2.30006711E-03   5.27839235E-04  -8.76532460E-04
   1.01385196E-03  -9.67445158E-05   3.37906275E-03
   5.67685813E-04   1.48208084E-04   5.31674712E-04
   8.22513655E-04  -2.72555649E-03  -2.64235027E-03
  -1.87215174E-03   5.04613854E-04   1.85695954E-03
  -4.21254052E-04   5.51201403E-04  -1.77510592E-04
  -9.70994530E-04  -6.80523051E-04  -8.37876694E-04
   2.88991281E-03  -1.92435016E-03   4.09696695E-05
   2.59792455E-03   1.95470857E-04   1.41572545E-03
  -4.42711782E-04   2.15453003E-03  -2.41654296E-03
   8.92058597E-04   1.27834908E-03  -4.69235965E-05
   6.36178069E-04   9.20256018E-04   1.23988988E-03
   6.37112476E-04  -1.41724851E-03  -1.70830265E-03
   1.65978505E-04   3.05620692E-04  -1.36293034E-04
   9.29679256E-04  -3.26938840E-04   1.37993949E-03
  -5.92253054E-04   9.88624408E-04  -1.18310280E-04
   1.10574684E-03   5.55673440E-04  -4.42680554E-04
   1.87088473E-04   3.03916680E-03   5.08707948E-04
  -4.45268903E-04   1.46835565E-03  -7.93442770E-04
  -1.43404957E-03  -2.97310413E-03   2.04631267E-03
  -2.64636066E-04  -2.53588369E-04   1.10501808E-03
  -1.07937993E-03  -1.27255905E-03  -8.87093556E-05
   1.81220646E-03   6.76495139E-04  -9.64340463E-04
  -1.06972584E-03  -5.63081121E-04   2.59017164E-04
   6.88559812E-05   4.36608716E-05  -2.12681433E-03
   7.59425398E-04   2.20093294E-03   1.60382711E-03
   2.28554686E-03   1.81533711E-03   5.33940736E-04
   5.57850581E-04   3.94738931E-03   8.67889379E-04
  -4.18320252E-03  -1.28992356E-03  -9.52391536E-04
   2.47356459E-03   1.08643074E-03   6.17815938E-04
   5.74604783E-04   2.03916593E-03  -1.60034208E-04
   1.44046071E-05  -1.03177549E-03  -1.08333479E-03
   1.04256428E-03   6.79146848E-04  -6.98121032E-04
  -7.44704157E-04  -2.43722135E-03  -6.88144006E-04
  -7.45920755E-04  -1.66398857E-03   8.03753268E-04
  -1.19335274E-03   2.01381976E-03  -2.68756761E-04
  -6.37471734E-04  -1.12413557E-03  -1.15204277E-03
   1.47458387E-03  -6.31780538E-04   1.57525507E-03
  -1.18412543E-03  -3.58061428E-04   2.50691804E-03
   3.56706412E-04   1.48155086E-03   9.49510548E-04
  -2.61313724E-03   6.21226267E-04  -1.42703392E-03
   7.22107652E-04  -3.38005018E-03   3.17728147E-04
   1.20045361E-03   1.38905668E-03   1.79057359E-03
  -1.13325608E-04   3.18494975E-04  -4.25345177E-04
   1.10822613E-03   2.59252591E-03  -5.41185436E-04
   1.10748480E-03   2.34042364E-03  -5.17433160E-04
   3.41933593E-03  -1.33170583E-03   1.03767484E-03
  -2.33506970E-03  -3.09929019E-05  -1.12260575E-03
   2.92554870E-03  -1.06643199E-03  -5.16174885E-04
  -3.36930668E-03   2.27726460E-03   2.00027344E-03
  -7.97821791E-04  -1.00775156E-03   1.37184584E-03
  -1.62919518E-03   9.22452775E-04  -1.50978958E-04
   1.30133308E-03  -1.37029332E-03  -2.68870057E-03
   2.22963025E-03   7.34989415E-04  -5.49061864E-04
  -1.77360803E-03  -3.85641400E-03   2.82619009E-03
   2.49360758E-03  -6.96224626E-04  -2.91741424E-04
   1.07543496E-03   1.71818223E-03  -1.96676538E-03
  -1.94310676E-03   3.16115445E-04  -6.20960127E-05
   1.16180081E-03   8.72911245E-04  -7.07311556E-04
   1.81934633E-03   1.50891987E-03  -2.72891112E-03
   1.76431320E-04   5.46536212E-05  -3.52755748E-03
   1.80517021E-03  -2.63130385E-03   1.67214428E-03
   2.32488615E-03  -3.42362531E-04  -1.67168584E-03
   1.42037042E-03   6.92900270E-04  -5.00465278E-04
  -1.27943407E-03  -1.45016331E-03   3.56451965E-05
  -8.41044239E-04  -2.07818433E-04  -1.58773852E-03
   3.20671313E-03  -1.66709849E-03  -1.54585973E-03
  -9.76080133E-04  -9.89724766E-04   1.47674209E-03
   3.51777975E-03   8.21528665E-04  -1.82184926E-03
  -8.43519927E-04  -1.98331007E-04  -1.78519834E-03
  -1.62625359E-03  -1.16160593E-03  -2.94516166E-03
  -2.69014272E-04   2.15023523E-03  -1.14362039E-04
  -1.02263712E-03  -1.88491168E-03   1.91077776E-03
   6.20439707E-04  -1.80350023E-03   1.63763098E-03
   7.45818252E-04   3.30074038E-03  -5.90776617E-04
  -1.71523425E-03   1.55931199E-03   1.66970713E-04
  -1.13539529E-04   6.85548817E-04   7.15460978E-04
   1.05534506E-03   1.15614894E-04  -1.80316056E-05
  -6.86262429E-05   3.60143650E-03   2.34936248E-03
   2.52764532E-03  -2.65495531E-04   1.84716040E-03
  -8.27894663E-04   1.02474727E-03   2.25583720E-03
  -1.81466772E-03  -2.62917223E-04   2.20300327E-03
   4.23897989E-04   7.38290662E-04   6.93891139E-04
  -2.33690196E-04  -1.39383646E-03   1.04678341E-03
  -8.84434325E-04  -8.14448518E-04  -1.56098208E-03
   1.02145284E-04  -3.02675972E-03  -5.75339305E-04
  -4.44178324E-04   7.37456547E-04   5.12104540E-04
  -7.91011378E-04   4.61182004E-04   1.86896964E-03
  -1.99519028E-03  -4.93722036E-04  -2.86415452E-03
  -2.23061521E-04   1.57794519E-03  -7.72392523E-05
   1.55265589E-04   8.57310370E-04   1.32286886E-03
  -5.28894830E-04   1.79259179E-04  -6.10779214E-04
  -2.00861553E-03  -1.24923035E-03  -6.46749744E-04
  -6.50909264E-04   2.36951560E-03  -1.54522058E-04
  -1.92810374E-03   2.01190333E-03   1.93811124E-04
  -8.08245968E-04  -9.50476737E-04   2.03577313E-03
  -9.83035075E-04  -3.28518770E-04  -9.67235654E-04
  -1.88389886E-03   1.00054010E-03   1.82903185E-03
  -1.32919976E-03  -1.06273196E-03  -1.30590587E-03
   1.92365423E-03  -1.35656667E-03  -2.74727936E-04
   4.74484405E-04   5.61415276E-04   2.79966189E-04
  -2.22547780E-04  -6.12182484E-04  -4.93326050E-04
  -6.91535184E-04   2.64286203E-03   1.47933816E-03
   2.87203235E-04  -8.13360617E-04   1.60901737E-03
   2.32497950E-05   1.21141820E-04   1.68665056E-03
  -3.06579954E-04   7.02919031E-04  -1.01095764E-04
   1.41483056E-03  -8.35280807E-04  -3.70013848E-04
  -8.57702398E-04   4.92553401E-04   1.64021633E-03
   6.49582944E-04   8.94594064E-04  -2.35124398E-03
  -4.96878638E-04   7.98232388E-04  -1.44529087E-03
  -1.16243889E-03   3.35046602E-03   5.50727535E-04
  -5.56754356E-04   1.07414147E-03   9.20780076E-05
   1.63306971E-03  -8.41166766E-04  -2.06331766E-04
   2.45211471E-04  -9.47869150E-04   1.48954755E-03
   6.06728427E-04   1.97655863E-05   1.90803141E-04
  -8.71957309E-05  -6.34548080E-04   8.26711184E-04
   1.10880646E-03   2.67334864E-04   1.57377974E-03
   2.28522159E-03   9.53813375E-04  -9.06156842E-04
   1.99195067E-03  -1.46688399E-04  -5.31134545E-04
   6.05206646E-04   1.20860315E-03  -1.00351963E-03
   1.71808375E-03  -2.08392926E-03  -1.16534915E-03
   1.69709942E-03   1.49297957E-05  -1.93047384E-03
   1.79716421E-03   2.16711988E-03   5.26490679E-04
  -2.05041887E-03   3.50704091E-03  -4.51367843E-04
   1.32993027E-03  -1.39861123E-03   1.17436133E-03
   9.46504821E-04  -1.66337425E-03   2.83464300E-03
  -2.71355384E-03   9.34140640E-04   8.67210794E-04
  -4.44504200E-04  -1.68902276E-03   6.58968856E-05
  -2.70674191E-03  -3.74253170E-04  -5.18591085E-04
   1.85786060E-03   1.69077271E-03  -5.33503713E-04
  -8.98966799E-04  -1.83481863E-03  -7.01249461E-04
  -3.19084362E-03   2.66480516E-03   8.59332446E-04
  -1.82280666E-03  -2.03208090E-03  -1.07329525E-03
  -3.01238993E-04   2.16224507E-04  -2.82821013E-04
  -5.82686276E-04  -6.66399254E-04   2.26438814E-03
  -4.57652699E-04  -1.76845316E-03   8.13062419E-04
  -2.19494011E-03  -2.96961342E-04   6.60039892E-04
   3.75284185E-03   4.15106479E-04   1.28047483E-03
   1.03148981E-03  -1.34411652E-03   5.25264360E-04
   1.14177621E-03  -1.66979211E-04  -3.30751389E-03
   1.31390581E-03  -6.18530554E-04   1.70275016E-04
  -4.16785952E-05   2.88536132E-04  -2.09814007E-03
  -2.95381946E-03   1.50263461E-03   1.95433479E-03
   2.68575456E-03  -1.88815151E-03   1.45500212E-03
  -1.64922758E-03  -6.78355922E-04   7.13315560E-04
   7.53301501E-05  -7.07248168E-04  -1.96549203E-03
   2.78749131E-03   1.47839659E-03  -8.72825040E-04
   1.52835809E-03  -1.91087811E-03   1.88624416E-03
   1.78513187E-03   1.44436606E-03  -2.65869824E-03
   1.13443309E-03  -2.21615155E-05  -1.40688766E-03
  -9.68159002E-04  -2.18801037E-03   1.73294276E-03
  -1.25852661E-04   7.32371409E-04   2.84933718E-04
  -2.33919732E-03   9.91980080E-04  -6.23428030E-04
  -1.08321481E-04  -1.24987774E-03   1.56799404E-04
  -1.20832340E-03   2.28863762E-04  -4.52014210E-04
   2.81783578E-04  -6.24104505E-05  -1.17235805E-03
   9.66832857E-04  -1.27291167E-03  -9.87076899E-04
  -1.09127967E-03   1.29561708E-03   1.68521795E-03
  -2.03113814E-04   7.73146981E-04  -1.38313149E-03
   2.00902927E-03  -1.45880587E-03  -3.07350582E-03
  -2.05754346E-04  -7.61636358E-04  -1.94432354E-03
  -1.19837990E-03  -1.29339413E-03   8.69342592E-04
   2.78981515E-05  -5.58311585E-04   1.45639083E-03
  -1.13798899E-03   1.44902512E-03   8.58910847E-04
  -1.31793169E-03  -5.21100243E-04  -8.95045581E-04
  -1.71084690E-03  -2.10592966E-03   3.50222545E-04
  -1.17509358E-03  -1.17357192E-03  -1.13889331E-03
   5.67799376E-04  -1.45106239E-03  -4.54127759E-04
   3.53051670E-04   5.04442258E-04  -1.77391456E-03
  -1.00708741E-03   2.22104555E-03  -1.38046313E-03
  -1.27137720E-03   1.04904873E-03  -1.74882251E-03
  -2.00243224E-03   8.00588110E-04  -1.67732663E-03
  -1.01963407E-03   5.03682811E-03  -2.07851944E-03
  -2.61005433E-03  -1.75071153E-04   1.10319916E-05
   1.48681900E-03  -9.90343862E-04   9.57230688E-04
   1.67648331E-03  -6.85437059E-04  -7.98030407E-04
   4.86783945E-04  -2.00957782E-03   1.02376903E-03
  -1.73430878E-03  -2.29464425E-03   1.88545987E-03
  -2.06821505E-03   5.41534915E-04   2.40505658E-04
   1.10394380E-03  -6.79826073E-04   3.09635565E-04
  -5.80344989E-04  -3.49804905E-04   6.68664812E-04
   1.98036991E-03   4.39764670E-04   5.60242683E-04
   2.58716871E-03   2.54498591E-04   1.14443828E-03
   5.44285285E-04   1.29017839E-03  -1.43063871E-05
   1.81850942E-03   1.87720452E-03   1.13840541E-03
  -1.31624495E-03  -1.87105348E-03   3.40869487E-03
   2.32978538E-03   3.20364081E-04  -6.19298953E-04
  -2.56133848E-03  -2.16421927E-03  -9.74277791E-04
  -8.73569574E-04  -2.24080309E-03   2.30853027E-03
   1.39141246E-03   4.03445389E-04  -6.67669810E-04
   1.16491865E-03   1.42181045E-04   1.43798068E-03
   3.41551786E-04   4.21036908E-04   4.26857470E-04
   3.18798004E-03  -2.27410812E-04  -1.69559405E-03
   7.21384131E-04  -1.02843030E-03   5.75755512E-05
   7.84510106E-04  -1.63105942E-04  -3.38862976E-03
  -3.50506918E-04  -1.37740769E-03   3.44345026E-04
  -3.32795363E-03   1.60401897E-03   2.51717656E-03
   1.05576299E-03  -6.85395557E-04  -7.34978297E-04
   7.11977249E-04   1.00924645E-03  -9.75901610E-04
  -1.39455928E-03  -6.62541366E-04  -1.27141725E-03
   1.27261016E-03   2.29282444E-03  -1.14786788E-03
   1.23193930E-03  -9.23711748E-04   4.66148282E-04
   5.95654885E-04   1.42806326E-03   7.69040431E-04
   3.03610042E-03   2.28429941E-04  -1.86229160E-03
   2.53047212E-03   1.85480551E-03  -1.07275019E-03
   1.71669351E-03  -2.88782612E-04   2.06673343E-04
  -1.03794690E-03  -4.02846374E-04   1.62647793E-03
  -8.84148700E-04  -5.53118472E-04   2.22036033E-03
   7.64072756E-04   1.32092054E-03   1.63557811E-03
  -1.23727357E-03   1.90149171E-06  -1.05853158E-03
   7.79782597E-04   9.41844075E-04  -2.18758592E-03
  -7.26770610E-04   2.24078377E-03   1.26538810E-03
  -4.19980352E-04   8.16056971E-04  -1.92267541E-03
  -9.58185177E-04   1.92025700E-03  -1.85259921E-03
   2.36115558E-03  -3.78269958E-03   4.12345660E-04
   2.04885798E-03  -1.15487246E-05  -4.44353267E-04
   1.46278093E-04  -1.93518877E-03  -1.03639695E-03
  -9.65689891E-04  -1.60742609E-03  -2.34352658E-04
   1.77602342E-03  -7.91391532E-04  -9.11950134E-04
  -6.10292598E-04   2.26318277E-03  -6.64463907E-04
   5.34934981E-04   3.81373335E-03  -2.11268826E-03
  -2.94895435E-04   3.97526339E-04   3.11449729E-03
  -1.14926382E-03  -1.80251885E-03  -4.42350902E-05
   9.08137648E-04  -2.42639729E-03   8.39805056E-04
  -5.34855877E-04  -1.12097769E-03   5.35081839E-04
   3.15123773E-03  -2.68193264E-03   5.90970973E-04
   1.53423997E-03  -1.10456574E-04  -5.05142671E-04
   5.47953357E-04   2.42332532E-03  -5.24149393E-04
  -1.43008993E-03   1.01041549E-03  -3.22075590E-04
   2.83716741E-04   9.02721484E-04  -5.52806538E-04
  -2.56035058E-03  -8.94208555E-04   1.52604457E-03
   5.23365918E-04   1.40705518E-03   2.16633989E-03
  -2.43102564E-04   1.01016555E-03  -5.53781108E-04
  -1.63004652E-03   5.40935842E-04  -1.11935638E-04
  -6.43943262E-04   4.68173949E-03  -1.55839560E-04
   1.92345318E-03  -2.74508988E-04  -1.05599524E-03
  -1.30962429E-03  -2.37379732E-04   2.99543072E-03
   8.36055551E-04  -1.95127307E-03   1.96032040E-03
  -6.45458465E-04   1.76423439E-03   2.34920633E-04
  -2.26200267E-04   1.37380406E-03   1.30438339E-03
   7.84618489E-04   8.25810595E-04  -8.56452796E-04
   1.74557755E-03  -6.87247011E-05   1.78121100E-03
  -1.44446339E-03  -1.49629125E-03  -1.56555919E-03
  -3.80213489E-04   3.72980168E-04   6.09860581E-04
  -1.46893971E-03   6.32549636E-04   1.79277873E-03
   1.22961949E-03   2.33202614E-03   1.10675441E-03
   5.55626873E-04  -2.73671812E-05  -1.91405113E-03
  -1.79025193E-03  -2.20841903E-04   1.81522133E-04
   6.75271789E-04  -2.22181063E-03  -2.96430942E-03
   2.73386220E-04  -1.02758908E-03  -7.14686350E-04
   3.66595545E-04   1.91905638E-04   1.13656884E-03
   1.58626365E-03   2.89317453E-04  -1.42785150E-03
   8.33887025E-04  -1.08406413E-03   2.11688573E-03
   9.61290061E-05  -1.44095090E-03  -6.90200191E-04
  -1.31837395E-03  -3.69463145E-04  -1.15594571E-03
   2.08097580E-03   5.23996772E-04  -1.01913720E-04
   2.49670190E-03  -1.22524489E-05   2.08345917E-03
   2.25643441E-03  -2.05390668E-03  -5.78516512E-04
  -1.32544700E-03   1.31477648E-03   1.78430404E-03
  -2.88915751E-03   6.97718060E-04  -2.15383968E-03
  -1.19124178E-03   1.87594921E-03  -2.06651306E-03
  -6.61135477E-04   6.78777695E-04  -4.44913429E-04
   1.66909373E-03  -3.25648085E-04  -1.79546664E-03
  -1.31225423E-03   3.81618273E-04  -1.74982462E-03
   2.17912858E-03  -5.11108898E-04   2.01198459E-03
  -1.55827714E-04  -2.00682291E-04  -6.42566942E-04
   1.63042604E-03  -1.36139886E-06   1.31292641E-03
  -4.62357793E-03  -1.63537718E-03   2.43231514E-03
   4.39458294E-04  -2.31891710E-04   1.57373934E-03
   1.65185845E-03  -2.18195561E-03   9.47419438E-04
   3.50570562E-03   1.00505014E-03   4.25667939E-04
  -5.11588820E-04  -2.76483537E-04   1.72133470E-04
   2.85914139E-04  -5.32568898E-04  -1.37387589E-03
   1.18316605E-03   1.51339674E-03  -5.67782437E-04
  -5.21732960E-04   5.20586291E-05   9.96733797E-05
  -3.86412721E-04   1.16050348E-03   2.58145155E-03
  -1.17471302E-03  -2.64229695E-03  -1.25414995E-03
  -7.16817158E-04   1.26877276E-03  -3.00136651E-03
   1.41053708E-04  -1.33977667E-03   1.63495191E-03
   6.05539826E-04   6.10528165E-04  -7.63182819E-04
  -1.15373789E-03  -5.75040409E-04   1.86133734E-03
  -1.09933724E-03   4.09395958E-04  -5.22536691E-04
   2.97127641E-04   7.13189133E-04  -1.14434923E-03
  -2.37806793E-03   3.48600955E-03  -2.63442169E-03
  -6.55000738E-04  -1.28422189E-03   1.05333187E-04
   7.08578445E-05  -2.29328027E-04   1.42070744E-03
  -2.10671546E-03   9.46025131E-04  -2.23165122E-03
   1.09885843E-03  -2.39179260E-03  -7.70088227E-04
