  0.142079994       3.61335613E-02   4.23864052E-02 -0.172917604    
  0.284159988       7.06227198E-02   4.14219238E-02  -4.60829735E-02
  0.426239967       9.81817469E-02   3.83906402E-02  -2.19385512E-02
  0.568319976      0.122389898       3.58923115E-02  -7.26483203E-03
  0.710399985      0.145771518       3.41994017E-02  -3.89530766E-03
  0.852479935      0.168757275       3.29934023E-02  -3.56801203E-03
  0.994559944      0.191218555       3.20440829E-02  -1.02250429E-03
   1.13663995      0.213561788       3.13147828E-02  -7.22647645E-04
   1.27871990      0.235994428       3.07592023E-02  -8.63385154E-04
   1.42079997      0.258114547       3.02780792E-02  -4.28331288E-04
   1.56287992      0.280253530       2.98864432E-02   7.53574495E-05
   1.70495987      0.302753717       2.95953900E-02   1.82738586E-03
   1.84703994      0.325654000       2.93852165E-02   1.13432668E-03
   1.98911989      0.348433137       2.91949175E-02  -1.51866639E-03
   2.13119984      0.370919257       2.90070754E-02  -2.14791368E-03
   2.27327991      0.393267483       2.88326051E-02   2.17228720E-04
   2.41535997      0.415764362       2.86889169E-02   3.76822310E-04
   2.55743980      0.438370466       2.85683144E-02  -9.90063068E-04
   2.69951987      0.460864723       2.84535009E-02  -6.30882278E-04
   2.84159994      0.483294934       2.83464119E-02  -4.12900554E-04
   2.98367977      0.505745113       2.82506365E-02  -1.89965882E-04
   3.12575984      0.528221250       2.81649530E-02   7.36120797E-04
   3.26783991      0.550930142       2.80985869E-02   1.69468008E-03
   3.40991974      0.573834419       2.80473083E-02  -1.82584903E-04
   3.55199981      0.596902370       2.80078091E-02   2.16537248E-03
   3.69407988      0.620286882       2.79856306E-02  -1.94830075E-03
   3.83615994      0.643758178       2.79688612E-02  -1.92414111E-04
   3.97823977      0.667100251       2.79478822E-02  -1.45416777E-03
   4.12031984      0.690325856       2.79236343E-02   6.98425865E-04
   4.26239967      0.713493407       2.78987363E-02   1.73879205E-04
   4.40447998      0.736650407       2.78750435E-02   7.44979072E-04
   4.54655981      0.759708762       2.78492179E-02  -1.00782003E-04
   4.68863964      0.782791197       2.78258100E-02  -1.64055021E-03
   4.83071995      0.805812418       2.78016683E-02   2.30400721E-04
   4.97279978      0.828689635       2.77740788E-02   1.24475031E-04
   5.11487961      0.851647735       2.77506616E-02   7.89770449E-04
   5.25695992      0.874737442       2.77326778E-02  -1.18106266E-03
   5.39903975      0.897975266       2.77202167E-02  -4.23618272E-04
   5.54111958      0.921299756       2.77109966E-02  -1.08316645E-03
   5.68319988      0.944383264       2.76951753E-02  -9.86588653E-04
   5.82527971      0.967482567       2.76805740E-02   1.83817814E-04
   5.96735954      0.990647316       2.76685003E-02  -2.05505895E-03
   6.10943985       1.01382434       2.76573189E-02   1.77291012E-03
   6.25151968       1.03696096       2.76455712E-02  -7.72792904E-04
   6.39359951       1.06041265       2.76425593E-02   1.24009373E-03
   6.53567982       1.08390832       2.76407935E-02  -1.21305045E-03
   6.67775965       1.10730863       2.76367292E-02   1.08730246E-03
   6.81983948       1.13058341       2.76297666E-02   6.41135382E-04
   6.96191978       1.15395176       2.76253242E-02  -8.00747075E-04
   7.10399961       1.17705083       2.76147462E-02  -9.36542638E-04
   7.24607992       1.19994545       2.75998767E-02   1.31555926E-03
   7.38815975       1.22327542       2.75954027E-02   6.72697090E-04
   7.53023958       1.24687278       2.75970139E-02  -1.57187122E-03
   7.67231989       1.27064657       2.76023969E-02   1.35030330E-03
   7.81439972       1.29431999       2.76054479E-02  -8.03007570E-04
   7.95647955       1.31798971       2.76083108E-02   1.98908267E-03
   8.09855938       1.34174526       2.76128389E-02  -2.72541563E-03
   8.24063969       1.36514723       2.76100561E-02   1.51459200E-04
   8.38271999       1.38852561       2.76069045E-02  -1.46949198E-03
   8.52479935       1.41188037       2.76033934E-02   1.49699184E-03
   8.66687965       1.43569493       2.76088398E-02  -7.87651225E-05
   8.80895996       1.45966399       2.76170317E-02   9.39108504E-05
   8.95103931       1.48361576       2.76246443E-02  -1.17981294E-03
   9.09311962       1.50739789       2.76289117E-02  -3.28550843E-04
   9.23519993       1.53111088       2.76317932E-02   2.24328629E-04
   9.37727928       1.55477726       2.76337657E-02   2.77874133E-05
   9.51935959       1.57853520       2.76372787E-02  -1.36367613E-04
   9.66143990       1.60206473       2.76367497E-02   2.28671081E-04
   9.80351925       1.62557232       2.76358649E-02   1.46172149E-03
   9.94559956       1.64938521       2.76401155E-02   1.29668450E-04
   10.0876799       1.67313766       2.76432522E-02   1.33540062E-03
   10.2297592       1.69693863       2.76470929E-02  -1.31999818E-03
   10.3718395       1.72020578       2.76422482E-02   9.99896904E-04
   10.5139198       1.74360442       2.76396181E-02  -8.65900423E-04
   10.6559992       1.76733851       2.76423078E-02   6.36108569E-04
   10.7980795       1.79104114       2.76444405E-02   1.46287773E-03
   10.9401598       1.81480944       2.76475158E-02   9.12506774E-04
   11.0822392       1.83841097       2.76480056E-02   6.97572366E-04
   11.2243195       1.86195993       2.76477039E-02  -1.34276238E-03
   11.3663998       1.88586283       2.76525989E-02   5.38887361E-05
   11.5084791       1.90972912       2.76568420E-02   4.61124204E-04
   11.6505594       1.93360913       2.76611764E-02   8.38325883E-04
   11.7926397       1.95760226       2.76670083E-02  -2.26347847E-03
   11.9347191       1.98166585       2.76736841E-02   1.80716554E-04
   12.0767994       2.00533223       2.76747178E-02   1.77010207E-03
   12.2188797       2.02889442       2.76743099E-02  -1.04161922E-03
   12.3609591       2.05256629       2.76753902E-02   7.17770250E-04
   12.5030394       2.07646275       2.76794396E-02  -4.21170669E-04
   12.6451197       2.10051227       2.76854131E-02   1.64618436E-03
   12.7871990       2.12480402       2.76944172E-02   5.64014947E-04
   12.9292793       2.14898586       2.77018007E-02   1.32766290E-04
   13.0713596       2.17352533       2.77135819E-02   1.71943591E-03
   13.2134390       2.19806004       2.77250577E-02   1.25074250E-04
   13.3555193       2.22225499       2.77320426E-02  -4.42742516E-04
   13.4975996       2.24641633       2.77384669E-02  -5.97978535E-04
   13.6396790       2.27034068       2.77418643E-02  -1.79460307E-03
   13.7817593       2.29437542       2.77465247E-02   3.69846879E-04
   13.9238396       2.31847692       2.77518872E-02  -3.98968230E-04
   14.0659199       2.34269881       2.77585667E-02   5.65285736E-05
   14.2079992       2.36707020       2.77668722E-02   2.19399386E-04
   14.3500795       2.39140630       2.77745984E-02   3.49644135E-04
   14.4921598       2.41551185       2.77795251E-02  -6.21426268E-04
   14.6342392       2.43938494       2.77817082E-02  -1.34725077E-03
   14.7763195       2.46322250       2.77834479E-02   4.72383981E-04
   14.9183998       2.48703885       2.77849156E-02  -8.65997805E-04
   15.0604792       2.51101494       2.77881250E-02  -6.18819264E-04
   15.2025595       2.53539705       2.77957264E-02   7.21935648E-04
   15.3446398       2.55977416       2.78031304E-02  -2.00087181E-03
   15.4867191       2.58404088       2.78092120E-02   1.47470098E-03
   15.6287994       2.60838079       2.78159641E-02   1.85660308E-03
   15.7708797       2.63220239       2.78171171E-02  -1.37151487E-03
   15.9129591       2.65587473       2.78166868E-02  -9.15135199E-04
   16.0550385       2.67922282       2.78128982E-02   1.85493531E-03
   16.1971188       2.70290613       2.78126244E-02   1.86278985E-03
   16.3391991       2.72661686       2.78126337E-02  -8.18544777E-06
   16.4812794       2.75031543       2.78125182E-02  -2.65866751E-03
   16.6233597       2.77412367       2.78135072E-02   9.91164008E-04
   16.7654400       2.79824090       2.78175529E-02   5.92481403E-04
   16.9075184       2.82215023       2.78194789E-02  -6.01304462E-04
   17.0495987       2.84645009       2.78251916E-02   2.30317819E-03
   17.1916790       2.87075949       2.78309025E-02   2.87316288E-05
   17.3337593       2.89527941       2.78385412E-02   4.37769049E-05
   17.4758396       2.91970682       2.78451741E-02  -2.01626332E-03
   17.6179199       2.94426298       2.78529190E-02   2.15673281E-04
   17.7599983       2.96903229       2.78625432E-02   1.17385190E-03
   17.9020786       2.99380279       2.78720204E-02  -1.78729111E-04
   18.0441589       3.01825190       2.78783832E-02   7.95246859E-04
   18.1862392       3.04275107       2.78851055E-02  -2.43826071E-03
   18.3283195       3.06699586       2.78894082E-02  -3.59726313E-04
   18.4703999       3.09154654       2.78964043E-02  -2.44283706E-06
   18.6124802       3.11619592       2.79041789E-02   2.35606989E-04
   18.7545586       3.14097071       2.79129539E-02   1.78146409E-03
   18.8966389       3.16581225       2.79221795E-02   1.68457864E-05
   19.0387192       3.19086266       2.79331002E-02  -1.28793344E-03
   19.1807995       3.21554995       2.79407017E-02  -3.37024045E-04
   19.3228798       3.24019027       2.79477853E-02   7.94960069E-05
   19.4649601       3.26469207       2.79535800E-02   3.50719813E-04
   19.6070385       3.28894210       2.79571563E-02  -7.69576727E-05
   19.7491188       3.31330752       2.79616490E-02   1.92960491E-03
   19.8911991       3.33779454       2.79670954E-02  -1.36020081E-03
   20.0332794       3.36245894       2.79739425E-02  -2.10776529E-03
   20.1753597       3.38696551       2.79793907E-02  -1.80979876E-03
   20.3174400       3.41114569       2.79820822E-02   4.07094165E-04
   20.4595184       3.43530345       2.79845577E-02  -4.77138907E-04
   20.6015987       3.45923424       2.79851612E-02  -5.23667550E-04
   20.7436790       3.48292160       2.79837977E-02  -1.17030705E-03
   20.8857594       3.50626731       2.79797278E-02   2.26712483E-03
   21.0278397       3.52966738       2.79761460E-02  -1.08241837E-03
   21.1699200       3.55327487       2.79742442E-02   1.27454998E-03
   21.3119984       3.57661223       2.79702544E-02  -5.13583887E-04
   21.4540787       3.60008597       2.79673785E-02   1.22878654E-03
   21.5961590       3.62409472       2.79686674E-02  -1.20421615E-03
   21.7382393       3.64808583       2.79698037E-02  -3.10296076E-03
   21.8803196       3.67244720       2.79737469E-02   3.41460021E-04
   22.0223999       3.69678974       2.79774964E-02  -8.28057877E-04
   22.1644783       3.72073483       2.79782098E-02   2.73166853E-03
   22.3065586       3.74469757       2.79790461E-02   2.15398468E-04
   22.4486389       3.76889586       2.79816203E-02   1.05932401E-03
   22.5907192       3.79307628       2.79840305E-02   5.85599220E-04
   22.7327995       3.81756759       2.79886909E-02  -1.11641339E-03
   22.8748798       3.84207225       2.79933866E-02  -9.21253755E-04
   23.0169582       3.86689878       2.80003622E-02   3.15105682E-03
   23.1590385       3.89111471       2.80028526E-02  -3.14803416E-04
   23.3011189       3.91543865       2.80060843E-02  -1.03481708E-03
   23.4431992       3.93990326       2.80102789E-02   4.42397053E-04
   23.5852795       3.96456361       2.80158054E-02   5.34543884E-04
   23.7273598       3.98873115       2.80178022E-02  -8.90058873E-04
   23.8694382       4.01308584       2.80210879E-02  -7.53876579E-04
   24.0115185       4.03720284       2.80226823E-02   2.96361453E-04
   24.1535988       4.06157541       2.80260183E-02   1.10748655E-03
   24.2956791       4.08592463       2.80291568E-02  -3.03337118E-04
   24.4377594       4.11018467       2.80316528E-02  -6.87391381E-04
   24.5798397       4.13464355       2.80354675E-02  -1.13507628E-03
   24.7219181       4.15939474       2.80412082E-02  -1.09318679E-03
   24.8639984       4.18345499       2.80422512E-02   8.88626600E-05
   25.0060787       4.20736027       2.80422512E-02   3.92320682E-04
   25.1481590       4.23103237       2.80407052E-02  -1.71552354E-04
   25.2902393       4.25431919       2.80366335E-02  -6.50381844E-04
   25.4323196       4.27735519       2.80309673E-02   4.63953795E-04
   25.5743980       4.30059958       2.80267261E-02  -8.50856828E-04
   25.7164783       4.32374668       2.80218944E-02  -1.01521891E-03
   25.8585587       4.34697580       2.80176476E-02  -3.93152441E-04
   26.0006390       4.36988354       2.80113854E-02  -1.81013055E-03
   26.1427193       4.39280844       2.80053001E-02   5.59273467E-04
   26.2847996       4.41551113       2.79978737E-02  -7.13234622E-05
   26.4268780       4.43806458       2.79895887E-02  -1.47822336E-03
   26.5689583       4.46023655       2.79789940E-02  -1.78894770E-04
   26.7110386       4.48253679       2.79693156E-02   2.35945825E-03
   26.8531189       4.50489044       2.79600695E-02  -4.62451484E-04
   26.9951992       4.52780342       2.79543754E-02   2.10522212E-05
   27.1372795       4.55090618       2.79499050E-02  -2.44146027E-03
   27.2793579       4.57344675       2.79420484E-02   9.92835732E-04
   27.4214382       4.59615135       2.79352684E-02   6.48795278E-04
   27.5635185       4.61907339       2.79298741E-02  -2.70589720E-04
   27.7055988       4.64208984       2.79251002E-02  -3.32715875E-03
   27.8476791       4.66480446       2.79185716E-02   4.97916655E-04
   27.9897594       4.68694448       2.79086865E-02  -4.11501795E-04
   28.1318398       4.70899534       2.78983712E-02  -7.02990685E-04
   28.2739182       4.73143101       2.78904326E-02   6.93034614E-04
   28.4159985       4.75419188       2.78844796E-02  -1.79338502E-04
   28.5580788       4.77738523       2.78811064E-02  -7.97161832E-04
   28.7001591       4.80001497       2.78744958E-02  -4.21709788E-04
   28.8422394       4.82271671       2.78683677E-02  -2.37612776E-03
   28.9843197       4.84497595       2.78597530E-02  -4.64252575E-04
   29.1263981       4.86719275       2.78509818E-02   1.72132696E-03
   29.2684784       4.88954258       2.78430525E-02   6.85135194E-04
   29.4105587       4.91193485       2.78354399E-02   2.69754860E-03
   29.5526390       4.93443823       2.78285276E-02   5.59895183E-04
   29.6947193       4.95700645       2.78220419E-02  -2.61897850E-03
   29.8367996       4.97954893       2.78154779E-02  -1.22782623E-03
   29.9788780       5.00171185       2.78068669E-02   2.87900073E-03
   30.1209583       5.02400494       2.77990531E-02  -2.75875372E-03
   30.2630386       5.04637718       2.77917515E-02   1.29140285E-03
   30.4051189       5.06888294       2.77852509E-02  -1.53463159E-03
   30.5471992       5.09092951       2.77763009E-02   2.28494289E-03
   30.6892796       5.11298609       2.77674925E-02  -3.16605018E-03
   30.8313580       5.13543892       2.77609080E-02   3.19165294E-03
   30.9734383       5.15810871       2.77555473E-02  -1.83952122E-03
   31.1155186       5.18067741       2.77496967E-02   2.73126480E-03
   31.2575989       5.20368385       2.77462341E-02  -7.24562095E-04
   31.3996792       5.22702885       2.77445987E-02  -3.74588417E-03
   31.5417595       5.24991274       2.77405418E-02  -9.14396485E-04
   31.6838379       5.27220058       2.77333856E-02   8.90312251E-04
   31.8259182       5.29406214       2.77240612E-02   2.47993413E-03
   31.9679985       5.31622410       2.77163852E-02  -1.83630432E-03
   32.1100769       5.33864021       2.77100969E-02  -5.69289259E-04
   32.2521591       5.36114216       2.77043059E-02   1.61112659E-03
   32.3942375       5.38404417       2.77006291E-02  -4.83702868E-04
   32.5363197       5.40709972       2.76977625E-02  -1.82572403E-03
   32.6783981       5.43036842       2.76960153E-02   2.68275966E-04
   32.8204803       5.45305204       2.76913065E-02  -1.07822812E-03
   32.9625587       5.47576761       2.76868045E-02   2.00624298E-03
   33.1046371       5.49868155       2.76833400E-02   1.76652079E-03
   33.2467194       5.52194738       2.76816655E-02  -2.22676713E-03
   33.3887978       5.54538012       2.76808403E-02  -3.71704868E-04
   33.5308800       5.56818008       2.76768766E-02  -1.60491240E-04
   33.6729584       5.59069347       2.76715290E-02  -3.44281958E-04
   33.8150368       5.61360645       2.76681948E-02   1.32809265E-03
   33.9571190       5.63685417       2.76665315E-02  -2.05074030E-04
   34.0991974       5.65981007       2.76634563E-02  -1.89847822E-04
   34.2412796       5.68265009       2.76598409E-02  -1.26587076E-03
   34.3833580       5.70551062       2.76563577E-02   5.11032762E-04
   34.5254402       5.72885036       2.76552122E-02  -9.23214902E-05
   34.6675186       5.75190830       2.76527256E-02  -5.47973730E-04
   34.8095970       5.77449608       2.76480094E-02   2.75918774E-05
   34.9516792       5.79688025       2.76423544E-02  -4.57030168E-04
   35.0937576       5.81934071       2.76371129E-02  -7.28213272E-05
   35.2358398       5.84150314       2.76304986E-02  -2.18081186E-04
   35.3779182       5.86384439       2.76247840E-02   1.21786364E-03
   35.5199966       5.88603735       2.76184212E-02  -1.54545030E-03
   35.6620789       5.90828705       2.76123695E-02   3.14289099E-03
   35.8041573       5.93046570       2.76060384E-02  -1.50756794E-03
   35.9462395       5.95270061       2.76000164E-02  -5.54502039E-05
   36.0883179       5.97500372       2.75943577E-02  -4.99306712E-04
   36.2304001       5.99701071       2.75873784E-02  -1.52583199E-03
   36.3724785       6.01893425       2.75800768E-02  -2.68062053E-04
   36.5145569       6.04110193       2.75739431E-02   3.10449162E-03
   36.6566391       6.06283379       2.75658742E-02  -6.27203553E-04
   36.7987175       6.08479691       2.75589190E-02  -1.19445496E-03
   36.9407997       6.10688925       2.75525935E-02   1.63329794E-04
   37.0828781       6.12882233       2.75456067E-02   3.36436846E-04
   37.2249603       6.15059614       2.75379568E-02   2.84763821E-03
   37.3670387       6.17178679       2.75277663E-02   3.49183887E-04
   37.5091171       6.19331026       2.75191329E-02   4.29113209E-03
   37.6511993       6.21558189       2.75138728E-02  -1.61905051E-03
   37.7932777       6.23790789       2.75088940E-02  -8.45017261E-04
   37.9353600       6.26034641       2.75044478E-02   4.32784087E-04
   38.0774384       6.28277588       2.74999943E-02  -3.43744247E-03
   38.2195168       6.30524445       2.74957437E-02  -9.27422152E-05
   38.3615990       6.32744074       2.74903420E-02  -6.08555216E-04
   38.5036774       6.34980392       2.74857040E-02   2.03936943E-03
   38.6457596       6.37244987       2.74823159E-02   1.04875024E-03
   38.7878380       6.39494085       2.74782907E-02  -1.92031160E-03
   38.9299202       6.41743469       2.74743028E-02   1.74303865E-03
   39.0719986       6.43909550       2.74667945E-02  -2.23951228E-03
   39.2140770       6.46112442       2.74609067E-02   2.29318487E-03
   39.3561592       6.48326254       2.74555180E-02  -4.26084083E-03
   39.4982376       6.50528383       2.74496805E-02   3.70564545E-03
   39.6403198       6.52736998       2.74441522E-02  -1.21169188E-03
   39.7823982       6.54954958       2.74390578E-02  -1.02280243E-03
   39.9244766       6.57199812       2.74351258E-02   7.73741980E-04
   40.0665588       6.59480333       2.74327006E-02   1.44814840E-03
   40.2086372       6.61764479       2.74304431E-02  -2.11577816E-03
   40.3507195       6.64021158       2.74270698E-02  -5.52482030E-04
   40.4927979       6.66216993       2.74212137E-02  -3.52739892E-03
   40.6348801       6.68316364       2.74114404E-02   1.91501039E-03
   40.7769585       6.70501804       2.74052583E-02   4.38819965E-03
   40.9190369       6.72723341       2.74005849E-02   8.52117373E-04
   41.0611191       6.74963856       2.73967143E-02  -1.93650613E-03
   41.2031975       6.77206564       2.73929629E-02   3.10642389E-03
   41.3452797       6.79443836       2.73890123E-02  -1.96634373E-03
   41.4873581       6.81666803       2.73845196E-02  -1.68118929E-03
   41.6294365       6.83828259       2.73775943E-02  -1.21478399E-03
   41.7715187       6.86018562       2.73718610E-02   2.13584094E-03
   41.9135971       6.88214827       2.73664109E-02  -2.11900857E-04
   42.0556793       6.90352249       2.73586605E-02  -3.55118560E-03
   42.1977577       6.92445278       2.73492113E-02  -1.65297697E-05
   42.3398399       6.94491386       2.73379795E-02  -2.61724321E-03
   42.4819183       6.96457958       2.73237024E-02   4.27207764E-04
   42.6239967       6.98407507       2.73088533E-02  -1.07490038E-03
   42.7660789       7.00310040       2.72922721E-02  -7.37869937E-04
   42.9081573       7.02243042       2.72769835E-02   2.48962478E-03
   43.0502396       7.04167747       2.72614714E-02   1.09807483E-03
   43.1923180       7.06032658       2.72437595E-02   1.76734582E-03
   43.3343964       7.07889748       2.72258613E-02  -6.80732948E-04
   43.4764786       7.09718800       2.72070002E-02  -1.46576168E-03
   43.6185570       7.11457634       2.71848235E-02  -1.71471457E-03
   43.7606392       7.13292074       2.71664243E-02   1.83660083E-03
   43.9027176       7.15160751       2.71494482E-02  -1.21711253E-03
   44.0447998       7.17003345       2.71315929E-02   6.70585723E-04
   44.1868782       7.18785238       2.71115638E-02  -1.07831776E-03
   44.3289566       7.20568085       2.70916987E-02  -1.40947188E-04
   44.4710388       7.22408199       2.70741079E-02  -7.77576293E-04
   44.6131172       7.24217081       2.70554610E-02   1.32892223E-03
   44.7551994       7.26056910       2.70380843E-02  -1.50145637E-03
   44.8972778       7.27927256       2.70219520E-02   3.63424304E-03
   45.0393562       7.29807854       2.70063002E-02  -6.82825157E-06
   45.1814384       7.31642580       2.69890558E-02  -1.45338639E-03
   45.3235168       7.33459187       2.69712508E-02  -7.80280505E-04
   45.4655991       7.35347176       2.69561764E-02   4.65606572E-04
   45.6076775       7.37209940       2.69402731E-02   1.19118986E-03
   45.7497597       7.39088631       2.69250460E-02   2.12488565E-04
   45.8918381       7.40936232       2.69087888E-02  -6.28573878E-04
   46.0339165       7.42827559       2.68942136E-02   1.66226877E-03
   46.1759987       7.44718695       2.68797167E-02   2.73990794E-04
   46.3180771       7.46589804       2.68645957E-02   2.15115678E-03
   46.4601593       7.48481369       2.68502943E-02   3.30982846E-04
   46.6022377       7.50405884       2.68372614E-02  -4.11402946E-03
   46.7443199       7.52320051       2.68239398E-02   3.04721668E-03
   46.8863983       7.54211712       2.68098973E-02   1.34268892E-03
   47.0284767       7.56105852       2.67960280E-02   2.46835290E-03
   47.1705589       7.58021736       2.67830100E-02   2.03160383E-03
   47.3126373       7.60071421       2.67747846E-02  -3.43479286E-03
   47.4547195       7.62104368       2.67660189E-02  -1.24535395E-03
   47.5967979       7.64088392       2.67555956E-02   1.00741873E-03
   47.7388763       7.66096210       2.67460626E-02   4.94021107E-04
   47.8809586       7.68075466       2.67355908E-02  -1.85144600E-03
   48.0230370       7.69954491       2.67217066E-02   2.59659369E-03
   48.1651192       7.71824551       2.67075896E-02  -1.59375031E-05
   48.3071976       7.73699999       2.66937427E-02   2.24956035E-04
   48.4492798       7.75535393       2.66786013E-02   9.74690367E-04
   48.5913582       7.77370024       2.66635213E-02   5.13202744E-04
   48.7334366       7.79145241       2.66464967E-02  -1.93484908E-03
   48.8755188       7.80916500       2.66294368E-02  -2.07284233E-03
   49.0175972       7.82640743       2.66108755E-02  -6.06067515E-05
   49.1596794       7.84394884       2.65934374E-02  -8.41802830E-06
   49.3017578       7.86144352       2.65759397E-02   1.08489301E-03
   49.4438362       7.87857580       2.65573226E-02   1.46678605E-04
   49.5859184       7.89520788       2.65371315E-02  -1.39789612E-04
   49.7279968       7.91235256       2.65187714E-02  -1.95371933E-04
   49.8700790       7.92858887       2.64974833E-02  -6.92578149E-04
   50.0121574       7.94369268       2.64725387E-02  -2.55202386E-03
   50.1542397       7.95981359       2.64511146E-02   2.21237936E-03
   50.2963181       7.97638178       2.64312997E-02  -3.92942486E-04
   50.4383965       7.99379587       2.64143869E-02   1.33765582E-03
   50.5804787       8.01119137       2.63975076E-02   2.88779312E-03
   50.7225571       8.02826500       2.63796691E-02  -2.08318001E-03
   50.8646393       8.04516697       2.63613611E-02  -1.65381609E-03
   51.0067177       8.06166458       2.63418388E-02   3.02639813E-03
   51.1487961       8.07802773       2.63219886E-02  -8.27441923E-04
   51.2908783       8.09425354       2.63017975E-02  -9.08665461E-05
   51.4329567       8.11030293       2.62811482E-02   6.05922309E-04
   51.5750389       8.12719059       2.62633208E-02  -1.09517481E-03
   51.7171173       8.14449024       2.62469202E-02   3.88894288E-04
   51.8591995       8.16182041       2.62307040E-02  -1.41080440E-04
   52.0012779       8.17871380       2.62131821E-02   1.05844624E-03
   52.1433563       8.19487762       2.61934213E-02  -1.05674926E-03
   52.2854385       8.21140385       2.61749215E-02   1.03209272E-03
   52.4275169       8.22831917       2.61577629E-02   2.90437695E-03
   52.5695992       8.24488640       2.61395890E-02  -5.24408557E-03
   52.7116776       8.26123619       2.61208266E-02  -9.91741312E-04
   52.8537560       8.27693939       2.61001308E-02   8.76336533E-04
   52.9958382       8.29177570       2.60768142E-02   2.72292737E-03
   53.1379166       8.30600357       2.60517150E-02   4.07156209E-03
   53.2799988       8.32022190       2.60267202E-02  -4.39983746E-03
   53.4220772       8.33515358       2.60040853E-02   2.98106740E-03
   53.5641594       8.34923553       2.59789247E-02  -2.05940544E-03
   53.7062378       8.36305332       2.59530786E-02  -3.45229032E-03
   53.8483162       8.37602997       2.59247646E-02   2.25575245E-03
   53.9903984       8.38975620       2.58989148E-02  -3.55179049E-03
   54.1324768       8.40436745       2.58759242E-02  -7.67298625E-04
   54.2745590       8.41814899       2.58505084E-02   2.79077236E-03
   54.4166374       8.43084145       2.58218870E-02  -3.77481883E-05
   54.5587158       8.44296265       2.57916711E-02  -3.92495934E-03
   54.7007980       8.45423603       2.57590283E-02   4.14357195E-03
   54.8428764       8.46608067       2.57282909E-02  -5.33549988E-04
   54.9849586       8.47711277       2.56952476E-02   4.46320861E-04
   55.1270370       8.48769855       2.56610289E-02   1.32666063E-03
   55.2691193       8.49717522       2.56236382E-02  -1.36656361E-03
   55.4111977       8.50684738       2.55870279E-02  -4.53743432E-03
   55.5532761       8.51656628       2.55507492E-02   2.63979146E-03
   55.6953583       8.52702618       2.55168658E-02   3.00213764E-03
   55.8374367       8.53740692       2.54829228E-02   1.98396668E-03
   55.9795189       8.54914856       2.54532043E-02  -6.47564745E-03
   56.1215973       8.56116581       2.54244544E-02   2.99823820E-03
   56.2636795       8.57277298       2.53946315E-02   1.05820550E-03
   56.4057579       8.58452702       2.53653992E-02  -3.43089079E-04
   56.5478363       8.59679031       2.53378116E-02  -2.08226778E-03
   56.6899185       8.60908127       2.53104400E-02   3.49003682E-03
   56.8319969       8.62266636       2.52870061E-02  -8.27938027E-04
   56.9740791       8.63654423       2.52645425E-02   1.46799139E-03
   57.1161575       8.64953041       2.52395887E-02  -2.07963400E-03
   57.2582359       8.66216373       2.52137352E-02   1.21231179E-03
   57.4003181       8.67600632       2.51915157E-02  -1.19109824E-03
   57.5423965       8.69020271       2.51704324E-02   1.85990310E-03
   57.6844788       8.70420647       2.51488984E-02  -6.82022364E-04
   57.8265572       8.71724415       2.51246840E-02   4.63228469E-04
   57.9686394       8.72865105       2.50959005E-02   2.25054409E-05
   58.1107178       8.73995209       2.50669532E-02   1.67247921E-03
   58.2527962       8.75018787       2.50351001E-02   9.95452632E-04
   58.3948784       8.76093864       2.50048731E-02  -3.32292798E-03
   58.5369568       8.77068329       2.49719266E-02   3.36062699E-03
   58.6790390       8.77911854       2.49354206E-02  -3.96700925E-04
   58.8211174       8.78790569       2.49000881E-02  -2.95293611E-03
   58.9631958       8.79719257       2.48663388E-02  -2.14225124E-03
   59.1052780       8.80616856       2.48318743E-02   8.63582012E-04
   59.2473564       8.81488895       2.47968566E-02   2.90115131E-03
   59.3894386       8.82364464       2.47621033E-02   4.01981454E-03
   59.5315170       8.83178425       2.47257948E-02  -1.04896002E-03
   59.6735992       8.83935642       2.46880706E-02   5.29615628E-03
   59.8156776       8.84823608       2.46541724E-02  -1.56445091E-03
   59.9577560       8.85921192       2.46262625E-02  -6.89832596E-05
   60.0998383       8.87300491       2.46062912E-02  -1.59559818E-03
   60.2419167       8.88678360       2.45863777E-02   6.63311745E-04
   60.3839989       8.90104294       2.45678853E-02  -2.26059742E-03
   60.5260773       8.91583824       2.45509557E-02   1.28028507E-04
   60.6681557       8.93043709       2.45335661E-02  -1.64122670E-03
   60.8102379       8.94344616       2.45118979E-02  -1.10519223E-03
   60.9523163       8.95534992       2.44873110E-02   9.79027827E-04
   61.0943985       8.96575737       2.44587529E-02   4.30637598E-03
   61.2364769       8.97312260       2.44220532E-02   8.70982010E-04
   61.3785591       8.98162365       2.43886020E-02  -6.99693477E-03
   61.5206375       8.99058056       2.43565422E-02   4.55271313E-03
   61.6627159       8.99895000       2.43230462E-02  -3.08563793E-03
   61.8047981       9.00699806       2.42888313E-02   2.42340751E-03
   61.9468765       9.01428795       2.42527369E-02  -7.31252879E-03
   62.0889587       9.02300930       2.42206492E-02   2.15418474E-03
   62.2310371       9.03112984       2.41870992E-02  -2.86612310E-04
   62.3731155       9.03969765       2.41548978E-02  -3.23780510E-03
   62.5151978       9.04744816       2.41206624E-02  -7.33845925E-04
   62.6572762       9.05622482       2.40893140E-02   2.39602407E-03
   62.7993584       9.06445026       2.40566432E-02   1.57974486E-03
   62.9414368       9.07508373       2.40304954E-02   5.34583814E-04
   63.0835190       9.08761406       2.40094792E-02   3.86453699E-03
   63.2255974       9.09819698       2.39834227E-02  -5.99085179E-04
   63.3676758       9.10898304       2.39580162E-02  -8.05566437E-04
   63.5097580       9.12089157       2.39356700E-02  -2.36339009E-04
   63.6518364       9.13216972       2.39117742E-02  -4.02952824E-03
   63.7939186       9.14490795       2.38917954E-02  -1.87667334E-04
   63.9359970       9.15786457       2.38724798E-02   3.51663399E-03
   64.0780792       9.16763496       2.38449592E-02  -2.41740351E-03
   64.2201538       9.17983341       2.38238648E-02  -1.89584855E-03
   64.3622360       9.19256687       2.38042474E-02   7.35699257E-04
   64.5043182       9.20512104       2.37842500E-02  -6.92982087E-03
   64.6464005       9.21869183       2.37669628E-02   8.37687124E-03
   64.7884750       9.22918606       2.37418413E-02  -2.63037509E-03
   64.9305573       9.24200344       2.37227883E-02   1.38552184E-03
   65.0726395       9.25636673       2.37077791E-02   3.27952928E-03
   65.2147141       9.27017403       2.36914176E-02   6.25989458E-04
   65.3567963       9.28123379       2.36681178E-02  -4.76358691E-03
   65.4988785       9.29316235       2.36471277E-02   2.19610683E-03
   65.6409607       9.30469990       2.36252379E-02  -3.77798127E-03
   65.7830353       9.31635952       2.36037541E-02   7.57246162E-05
   65.9251175       9.33032608       2.35881917E-02   1.42915652E-03
   66.0671997       9.34443188       2.35730484E-02  -1.28711294E-03
   66.2092743       9.35842896       2.35576984E-02  -2.35717557E-03
   66.3513565       9.37018204       2.35367753E-02   9.52985231E-03
   66.4934387       9.38227654       2.35167984E-02  -7.68933911E-03
   66.6355209       9.39475632       2.34978702E-02   7.58218067E-03
   66.7775955       9.40786266       2.34805848E-02  -3.60701326E-03
   66.9196777       9.42208481       2.34661549E-02  -1.69444492E-03
   67.0617599       9.43888092       2.34581809E-02   7.50976731E-04
   67.2038345       9.45643520       2.34521218E-02  -3.21315392E-03
   67.3459167       9.47473335       2.34479290E-02  -6.32236199E-03
   67.4879990       9.49143410       2.34398078E-02   1.04960045E-02
   67.6300735       9.50565720       2.34256163E-02  -6.68230886E-03
   67.7721558       9.51904774       2.34094355E-02  -1.49544026E-03
   67.9142380       9.52960110       2.33863611E-02  -3.45436414E-03
   68.0563202       9.54235744       2.33687758E-02  -2.33510439E-03
   68.1983948       9.55279827       2.33456083E-02   1.16983540E-02
   68.3404770       9.56305504       2.33220868E-02  -1.02352900E-02
   68.4825592       9.57415485       2.33007129E-02   6.16385555E-03
   68.6246338       9.58946323       2.32896525E-02   5.02705202E-03
   68.7667160       9.59742737       2.32608356E-02  -7.27902679E-03
   68.9087982       9.59974003       2.32184678E-02   5.08179562E-03
   69.0508804       9.60376644       2.31804103E-02  -1.73552160E-03
   69.1929550       9.61374378       2.31568478E-02  -1.09618735E-02
   69.3350372       9.61984921       2.31240690E-02   1.42313289E-02
   69.4771194       9.63393497       2.31105685E-02  -1.19597223E-02
   69.6191940       9.64041710       2.30789259E-02   3.12478421E-03
   69.7612762       9.65550041       2.30679568E-02   1.87783118E-03
   69.9033585       9.66690636       2.30482630E-02   5.57825994E-03
   70.0454407       9.66920471       2.30069812E-02  -5.63887367E-03
   70.1875153       9.65264988       2.29210984E-02  -6.30512461E-03
   70.3295975       9.64951992       2.28673741E-02   2.09250767E-02
   70.4716797       9.67769718       2.28879116E-02  -3.09613021E-03
   70.6137543       9.70230293       2.28999369E-02   2.38704495E-02
   70.7558365       9.67286777       2.27846168E-02   3.71048576E-03
   70.8979187       9.62517071       2.26268303E-02  -6.96304720E-03
