   1.70751903E-07  -2.47554794E-07   2.80145912E-07
   5.29260404E-08   5.38957181E-07  -7.75780720E-08
   2.04569773E-07  -3.18386846E-08   7.54417556E-07
  -5.44984516E-07   3.17371246E-07   9.16302501E-09
  -5.43551160E-08  -3.37236834E-08  -1.35503129E-07
   1.59877388E-07   1.42228643E-07   1.26618971E-07
  -1.10603729E-07  -6.14670341E-08  -3.27459702E-07
   1.22735287E-07  -1.09831285E-06   2.30471542E-07
  -2.40223528E-07  -1.73681102E-07   4.77870458E-07
  -2.48274091E-07   4.12338579E-07  -1.91937318E-07
  -1.60879424E-07  -5.05198692E-08  -4.37953815E-07
  -7.64403865E-07   2.28212436E-08  -1.62967851E-07
  -3.56176713E-07  -4.39873247E-07   1.66483318E-07
   1.26936229E-07  -1.48452372E-07  -2.01128643E-07
  -5.68661278E-07   3.94007657E-07  -2.36841601E-07
  -2.70528119E-07  -2.92227412E-07   6.13698745E-08
   7.19673352E-08   3.38755541E-07   4.08010322E-07
   5.01067170E-08  -1.43079902E-07  -1.67060023E-07
  -4.15494725E-07  -2.95412121E-07  -6.02021998E-07
  -5.98855024E-07   7.31593488E-08  -4.84067243E-07
  -1.09784885E-07   2.97579632E-08  -6.72962344E-08
   8.85829877E-07   4.20370640E-07  -3.01541832E-08
   6.36155278E-07   1.01361650E-07  -2.17611856E-07
  -6.61436772E-08  -1.02434626E-07   4.73039506E-07
   5.69898191E-07  -1.85943975E-07  -1.75517897E-07
  -3.91803979E-07  -1.88017051E-08   4.78410200E-08
  -6.49093749E-07   2.73090848E-07  -4.53257712E-07
  -7.10999529E-07   1.14946161E-07   4.26856076E-07
   1.31160306E-07   5.68471137E-07  -1.83481674E-07
  -5.29908242E-08  -2.06343067E-08  -1.34018748E-07
   2.42901706E-07  -3.19206919E-07  -1.47117547E-07
  -6.75753711E-08   6.80899120E-07   6.87538204E-07
  -5.37818607E-07  -9.75977628E-07  -5.64470604E-08
   4.60947831E-07   3.99436715E-07  -4.17381436E-08
  -4.69099000E-08  -1.61091975E-07   2.13886054E-07
  -9.69451150E-08  -5.85482326E-07  -2.72692716E-07
  -7.86850265E-08  -4.77835727E-08   8.83413787E-09
  -5.44543184E-08   2.31104078E-08   1.55401395E-07
   3.58447465E-07   5.28251434E-08  -6.26549834E-08
   8.68370975E-09   1.78422837E-07  -6.26861336E-08
   7.67361854E-08  -3.57587538E-07   4.34592184E-09
  -1.71716636E-07   2.84244464E-07  -1.27508770E-07
   1.81889121E-07   4.25735074E-08  -1.91249967E-08
   1.33346774E-07   3.43557138E-09   1.89374063E-07
   2.33468302E-08   1.09585437E-06  -1.40173967E-07
  -5.42982619E-08  -6.65968116E-07   1.17003587E-07
   4.70500311E-07   3.80018577E-07  -2.85099929E-07
  -3.41375390E-08  -3.04034671E-07  -7.97116854E-07
  -1.45110363E-07   1.82372837E-08   1.50629859E-07
  -5.66093874E-08   3.01456225E-07  -1.45952100E-07
  -2.67116263E-07   1.12831299E-06  -5.08569315E-07
  -3.54490197E-07   4.06127754E-07  -1.03355160E-06
   2.17451817E-08  -8.17356707E-08   1.62908506E-07
   5.01804834E-07  -6.40890221E-08   1.56897926E-07
  -2.93111981E-07  -4.79170410E-07  -7.78857867E-08
   2.38064459E-07  -1.41927285E-06   4.63325563E-07
  -1.33306997E-07  -5.57453141E-08   8.86133975E-08
  -3.36141056E-07   6.84087809E-08  -1.54145113E-07
  -2.74828693E-07   2.54152212E-07  -2.66419050E-07
   3.27356560E-07  -2.84841974E-07  -3.49118920E-07
   3.27703731E-07  -1.37396183E-08  -2.02542253E-07
  -1.02611210E-07   3.55059342E-07   9.67440954E-08
   1.15849822E-07  -9.05826880E-08  -3.57910039E-07
   2.56921965E-07   3.02516199E-08   2.40686404E-07
  -1.30427281E-07  -2.93848899E-07   3.68635114E-07
  -4.85474231E-07   7.32981789E-07   6.48096545E-07
  -4.09461023E-07  -1.58326774E-08   4.93722716E-08
   1.32969461E-07   1.79684548E-07  -7.55140306E-08
   3.28374682E-07  -7.38367945E-08   4.58451943E-08
   5.20324299E-08   3.01411198E-08   6.85887471E-08
   7.03870739E-08   9.68321956E-08   1.53474673E-07
   5.87481850E-07   3.90728843E-07  -3.77715459E-08
  -2.62647944E-07   3.23279430E-08  -4.59955132E-08
  -6.60377793E-07   3.90302091E-07   3.33926863E-07
  -1.02328136E-06  -2.19860468E-07  -4.41151030E-07
   4.54251428E-08   2.31089572E-07   1.93634264E-07
   1.29168669E-07  -4.80068593E-07  -2.44919278E-07
  -1.28984851E-07   1.87544160E-07  -3.20169306E-07
  -5.21494769E-07  -4.78116363E-07   3.56819527E-07
  -4.27025704E-08   3.52063182E-07  -1.57414163E-07
  -5.86046696E-08   3.68493289E-08  -5.22281773E-08
   4.11562041E-07   1.99443292E-07  -2.16030273E-07
  -4.71181608E-07  -9.82535653E-07  -1.33035792E-06
   8.05477995E-08   4.64529357E-08  -1.03860771E-07
  -5.10643510E-08  -7.48121494E-08  -5.60302063E-08
   1.06637131E-07   4.16010799E-08  -8.48303046E-08
   1.59441541E-07  -3.36762497E-07   4.75739768E-07
   3.78351643E-07  -5.88026410E-07   2.37227965E-07
  -3.91749921E-08   4.92629226E-08   1.44871024E-07
  -4.66212242E-07  -1.47715141E-07  -2.47826847E-07
  -4.02952509E-07  -1.24254896E-07  -1.90781606E-07
   4.27135660E-07   1.24445222E-07   2.00597967E-07
  -1.38384806E-07   5.69298386E-09  -1.49782721E-07
  -1.88820451E-07   3.65847853E-07   3.98241440E-08
  -2.84611815E-07  -7.71235818E-07   7.08309784E-08
  -1.85729718E-07  -9.73578906E-09   1.59847076E-07
  -2.15017408E-07  -1.25399410E-07  -2.93807769E-08
  -2.20312998E-07   4.28995605E-07  -3.07413444E-07
  -9.55972439E-08  -2.22526893E-07   2.66051046E-07
   1.98510577E-07  -5.91231185E-07  -1.65658456E-08
  -7.78873712E-08  -7.60356968E-08   5.03968707E-08
  -1.42712281E-07   3.36279697E-08   2.99076476E-07
  -4.98294135E-08  -2.41228406E-07   3.18200478E-07
   3.68369740E-07  -7.03824071E-07  -1.08482567E-07
  -3.06538709E-07   9.30246813E-07   3.69772764E-08
  -5.08036578E-07   2.44208735E-07  -7.97337023E-08
  -4.01069485E-07  -4.79598157E-07  -7.02293264E-08
   3.01743199E-07   5.78069432E-08  -8.46809272E-08
   6.12763074E-07  -8.48510410E-07  -1.25057852E-07
   2.81917920E-07  -1.42987787E-07  -3.25846798E-08
  -2.77673138E-07   3.02073545E-07   2.03802983E-07
  -4.02798008E-07   3.52955198E-07  -1.94421439E-08
   2.71286723E-07   7.56538043E-07   1.01423332E-07
  -8.26138717E-07  -1.71977987E-07  -1.94989710E-07
   2.12949416E-07   1.39943154E-07   6.21199590E-08
  -1.34319890E-07   5.36210280E-07  -4.99074531E-07
   7.36599759E-08  -7.91171573E-09  -8.06047282E-08
   2.71379150E-07  -1.72122569E-07   4.57703806E-07
   6.88150806E-07  -3.49582734E-07  -4.91626167E-07
   7.10010042E-08  -1.00792569E-07  -8.11083609E-08
  -1.16277384E-07  -2.83519785E-08  -2.64014375E-07
   3.35161587E-07   6.71966660E-08   3.09916516E-07
   4.05278485E-07   3.34301006E-07  -1.86684375E-07
   5.03518720E-07  -1.40211128E-07  -2.25723255E-07
  -2.41485232E-08  -4.29759339E-10   5.14632248E-09
   9.03880082E-09   2.70553979E-09  -3.15181516E-08
   4.50116104E-08   3.76897106E-07   2.32120755E-07
  -1.54332387E-08  -1.01652295E-08  -7.65469110E-07
   2.36238250E-07   1.72289951E-08   2.36283512E-07
   1.70029978E-07   1.66005805E-08   9.85253692E-08
   3.30332654E-07   1.93686290E-07  -1.12290572E-07
   3.54516033E-07  -5.47348861E-07  -6.65473976E-07
   9.35824573E-07  -2.05389625E-07  -3.38603428E-07
  -2.02621109E-07  -2.82076456E-07  -1.26677890E-07
  -6.40692690E-08   8.27028970E-08   1.60591735E-08
   1.52180505E-07   1.17675320E-07   2.36711173E-07
   1.01260717E-07   1.70807809E-07   5.32832125E-08
  -3.61990999E-07   6.79265213E-08  -3.25768667E-07
   2.41108495E-07   2.56277787E-07   1.70064908E-07
   1.42854560E-07   3.38948837E-07   9.08697814E-07
  -2.35600368E-07  -1.33787452E-07   2.38852465E-07
  -1.51653666E-07   4.27959179E-07  -9.06292485E-07
   2.04925925E-07   8.26736766E-07  -2.02952137E-07
  -3.59530134E-07  -6.61120907E-07  -7.43986163E-07
  -3.10368932E-07  -4.20330748E-09   7.51391909E-08
  -1.77601471E-08  -5.57954024E-07   3.83958763E-07
   9.05480363E-07  -1.91782149E-07   1.08505198E-07
  -1.46194523E-07  -4.11074865E-07  -2.64572208E-07
   1.73271388E-07  -3.47372236E-07   1.50066093E-08
  -1.00803994E-07   2.03639502E-07  -9.95531622E-08
   2.13443201E-07  -1.10426768E-07  -1.38044157E-07
  -2.46848941E-08   3.31030918E-07   8.96371617E-08
   8.18648616E-08   1.28979693E-07  -1.99513011E-08
   2.25760161E-07   5.07422214E-07   1.61108545E-07
   1.86273752E-07  -5.69499775E-07  -8.66689192E-08
  -3.48531124E-08  -2.01962891E-07   2.61121698E-07
  -2.25626849E-07  -1.34223029E-07   3.31537450E-07
  -4.14586552E-08  -2.03271370E-07  -5.58302879E-08
  -5.25865005E-07  -1.21012647E-07   6.33248135E-07
   2.02678351E-07  -6.28885459E-08  -1.89680037E-07
  -1.34345612E-07  -2.18843326E-07   5.37024277E-07
  -8.58674198E-08   4.00095303E-07  -2.67743189E-07
  -3.86000316E-08  -1.37173132E-07  -1.58450021E-07
  -1.16716251E-07  -1.03708192E-06  -9.14294787E-07
   2.33571171E-07  -4.56401601E-08  -1.45263868E-07
   2.38955007E-08  -2.78863780E-07  -2.28809078E-08
  -9.39411038E-08   1.85203774E-07   1.11610532E-07
   4.90131697E-07  -8.52478877E-07   8.31131445E-07
  -3.82054878E-07   5.03709259E-07  -2.05232993E-07
   2.32168475E-07   3.52195485E-07   6.59757745E-07
   9.42559041E-07   4.85881969E-07   8.24255892E-07
   1.65140861E-07  -1.67756014E-07   6.65909681E-07
   2.76700632E-07   2.90835402E-07  -6.17001888E-07
   4.26426610E-08  -1.82096382E-08  -1.45578170E-07
  -5.95894143E-08  -1.62192904E-07  -1.56485584E-07
   5.02056707E-08   8.47449400E-08  -2.42415467E-07
  -3.92694176E-07   1.13137810E-06   5.27577924E-07
  -3.33712251E-07   1.03881590E-07  -5.09796564E-07
   5.03559079E-07   1.44635507E-07   5.62335970E-07
  -8.85205111E-07   7.09332113E-08   1.39067936E-07
   1.40478548E-07   8.17097032E-07  -4.44169928E-08
   9.14301523E-09  -2.06399974E-07  -1.11185932E-06
  -1.92521711E-07  -9.93721301E-08   1.48273983E-07
   3.90076508E-07   1.66181508E-07  -3.18461105E-07
   7.60724745E-08   3.77541454E-07   1.97855996E-07
   2.47343355E-08   5.01128845E-08   2.13263078E-07
  -1.15806671E-07   1.22076628E-07   8.87452813E-08
   1.65866325E-07   2.94762287E-07  -3.17633919E-07
  -2.41648053E-07   1.25670439E-07   1.39855288E-07
  -1.56112350E-07   9.62887611E-07   4.69928295E-07
   3.46570687E-07  -3.46510234E-07  -3.74525911E-07
   3.60919813E-07  -8.79581421E-07  -5.21320203E-07
   2.69438459E-07  -4.20627430E-07   2.60572328E-08
  -8.33922911E-07   1.40901659E-06  -3.64293101E-07
  -5.36521121E-08  -2.57859654E-07   1.13518873E-07
  -3.95641223E-07   3.96048051E-07   7.95331658E-08
   9.63919167E-09   3.02986621E-07  -1.10771339E-07
   6.26673568E-07   2.89112023E-07   9.52238395E-08
  -5.27285238E-08   5.62578677E-08   3.86015870E-07
   2.66089813E-07  -7.62074777E-08  -3.16113301E-07
   2.03848401E-07   5.25163699E-08  -2.30301481E-07
  -4.16291144E-08  -2.13593665E-07  -2.58441474E-07
  -1.10109823E-07  -1.15894032E-08   2.37428935E-07
   3.52860106E-08   1.12022761E-07  -1.60578566E-07
   2.51315441E-07   5.06790769E-08   2.99825928E-07
   9.45738691E-07  -9.63109073E-07   2.05809627E-07
   2.90416580E-08   1.04433745E-07  -4.51420625E-08
   2.57471555E-07  -1.82622927E-07   3.63218703E-07
   4.92397078E-07  -1.83658173E-07  -3.49191595E-07
  -5.29533004E-08  -7.84736301E-07   4.98528721E-07
  -2.99387438E-07   6.17966833E-08  -4.63160973E-07
   3.27893446E-07  -3.09853760E-07  -2.99723723E-07
   5.78572878E-09   3.20046101E-09  -1.90811207E-07
  -9.05833531E-07  -5.46272076E-07  -5.68971473E-07
  -4.34778769E-07  -1.32840881E-07  -1.49216845E-07
  -4.83747762E-08  -2.14400586E-07   1.40425257E-07
  -4.24706116E-07  -4.32155574E-08   2.04379944E-07
  -2.16408893E-07   3.14329007E-08   5.16987448E-08
  -4.89574568E-08   9.48099768E-08  -8.33771026E-08
  -7.45527160E-08   4.63667993E-09   4.59003530E-07
  -1.53951547E-07   1.63267160E-07  -4.06149894E-07
  -2.99843094E-07   1.05486542E-07  -2.80696852E-08
   3.51447767E-07   1.86348316E-07  -1.77185953E-07
   1.07264327E-07   1.68272550E-07  -2.51076216E-07
   2.58211116E-07   4.65692182E-07  -5.03222111E-07
  -4.59217773E-07  -3.12005426E-07  -6.21359732E-07
   3.40741622E-07  -4.88667013E-07   3.97989140E-07
   1.41303630E-07   7.19477171E-08   9.37474667E-08
  -5.56168629E-07   4.87270938E-07   6.10982738E-07
   6.05696613E-08  -6.15643359E-08  -3.94705268E-07
  -5.34307787E-07   1.99227586E-07  -5.87916645E-07
  -3.93341224E-07  -5.08945277E-07   3.60424593E-07
  -1.12028777E-08  -5.38679899E-07  -8.26327451E-08
   5.02920670E-07  -6.78899355E-08  -3.72181546E-07
   1.87251445E-07   9.67683036E-08   5.69590171E-08
  -8.37784455E-08  -6.18614635E-08   1.76586340E-07
  -8.90595899E-08   2.58670951E-07  -7.95211122E-07
  -1.21465789E-07   5.99038827E-08  -6.97430167E-08
   2.22493597E-08  -1.65287631E-07  -1.96513184E-07
   1.28183490E-08   9.40462499E-08  -9.54525259E-09
   2.58039705E-07   5.22108365E-08  -1.10939354E-07
  -3.17689484E-08  -1.76522352E-08   3.33767716E-08
  -5.78644858E-07   1.74916337E-07  -2.96378971E-07
  -6.01946169E-07   1.69776740E-07  -3.00738350E-07
   3.22438538E-08  -1.84683017E-07   5.03146929E-08
  -1.14778459E-07   7.48610276E-08   1.30426344E-07
  -2.32513898E-07   8.77459456E-08   2.03990709E-07
   3.45742563E-08   2.58499284E-07   1.82706444E-07
  -4.14566372E-08   1.64887737E-07  -3.69933019E-07
   5.79417652E-08  -6.98368297E-08   2.91100946E-07
  -3.89547097E-08  -1.38801880E-07   3.92257284E-08
  -1.15110424E-07  -1.03355752E-07   2.21137611E-07
  -1.97130220E-07  -1.20167726E-07  -7.58310250E-08
  -2.37272069E-08  -2.46561058E-07  -2.43107365E-07
   1.83918829E-07  -1.52836250E-07  -1.04787027E-07
  -9.77927854E-08  -3.37988070E-07  -2.34330315E-08
   2.46956887E-07   2.47332252E-07   3.32989003E-07
   2.23656883E-07  -3.10705879E-08   1.10208043E-09
   3.49800047E-08   1.76770541E-07   1.57395519E-07
  -1.02735406E-07  -4.90738756E-08  -1.71562363E-07
  -8.72731562E-07   5.13168800E-07  -5.14074827E-07
   7.02704199E-07   2.92837996E-07   4.64414683E-07
  -4.68165268E-07   1.30547633E-07   5.18029424E-07
   7.36441450E-07  -4.22353622E-07   1.40310635E-06
  -2.16068869E-07   3.20848983E-07   5.42575322E-07
   1.66336633E-07   4.27347373E-07  -1.30553985E-07
  -5.32674107E-07  -5.17392436E-07  -2.67392608E-07
   5.34166915E-08  -2.14342304E-08   2.74064377E-07
  -7.98621258E-08  -6.35016306E-08   2.46016810E-07
   3.87576591E-07   2.42555302E-07   3.82147732E-07
  -1.87889057E-07   1.49022874E-08  -3.55496439E-07
   8.04163733E-07   8.19009571E-09  -7.39652251E-07
  -9.73674474E-08  -3.44961478E-07   7.14913924E-08
   1.29044793E-07  -8.68521255E-08   3.01327532E-07
   2.86721018E-07   3.92736048E-08  -5.02920386E-07
   8.00521747E-08   3.02127063E-07   9.61543805E-08
   1.19587170E-07  -2.19695067E-07   7.84640548E-08
  -1.08579052E-07  -1.43826099E-07   5.82114446E-08
   2.26628501E-07   2.84864647E-08   2.16008743E-07
  -2.95515804E-07  -1.00678767E-06  -1.15761551E-07
   4.58366657E-07   4.12575929E-07   9.97284531E-08
  -1.53412273E-07   6.56951670E-07   1.97141219E-07
  -1.74443912E-07   3.39710802E-08  -6.08805379E-08
  -4.07359607E-07   5.65408982E-07   1.11558541E-06
   4.68850310E-08  -4.03615097E-08  -1.19498253E-07
  -2.08365563E-07   9.43590067E-07   1.41742433E-07
   1.87491011E-07   3.72715157E-08  -1.23235697E-08
  -3.39895436E-08  -4.13102896E-07  -1.10213605E-07
  -9.40026652E-08   1.63460541E-07  -9.04440896E-08
  -1.02564179E-07  -1.27414125E-07  -2.31492777E-07
  -7.21730800E-08  -2.12081460E-07   1.42885852E-07
   1.84520701E-07  -2.47716912E-07   3.85259185E-08
   2.77011907E-07  -1.49842847E-07  -4.56250469E-08
  -3.65007153E-08   1.56013357E-07   5.22833652E-08
   2.23958807E-07  -2.26103936E-07  -4.28475921E-08
  -7.86832999E-09   6.59242971E-08   5.20288040E-07
   6.25402734E-08   5.51022283E-10  -2.16938876E-08
   8.18677677E-08  -4.65224048E-07   3.77252860E-07
  -3.63178316E-07  -3.81355164E-07   9.72221983E-08
   9.30776309E-07   7.24268830E-07   9.98352760E-08
   5.79433888E-08   1.89272214E-07   1.66119520E-07
  -3.58284240E-07   3.10902919E-07   3.18507176E-07
  -3.43310973E-07  -2.67510615E-07  -1.48780600E-07
  -2.05908279E-07   7.15009492E-08  -6.26365271E-09
   2.78285739E-07  -4.45853090E-07  -2.27812635E-07
   1.28983032E-07  -2.47081964E-08   3.49601521E-07
  -6.23406947E-07  -1.55472378E-07  -3.12965028E-07
   1.41261083E-07  -7.38926857E-08  -1.71379682E-07
   9.35271203E-08   1.00809338E-07   1.42621683E-08
  -2.09980968E-07   1.06432864E-07  -3.22632928E-07
   2.67035801E-07  -8.75685942E-08  -7.45994697E-08
  -1.27645635E-07   1.87982266E-07   2.00952798E-07
   6.55493082E-08   8.96334882E-08  -1.04574902E-07
   3.50319880E-07   5.82557618E-07   8.63069090E-07
   4.51082798E-08  -5.92836535E-08  -8.61097988E-07
   2.05817244E-07   2.12034948E-07  -4.60962042E-08
  -1.44716410E-07  -2.33903037E-07   6.10111117E-09
  -2.27110249E-07  -4.25622169E-08   3.62303467E-07
   4.10801881E-08   4.43488091E-08  -5.76286929E-08
   8.19082047E-09   1.79358395E-07   2.55448043E-07
  -1.15557121E-07  -2.93358625E-07   2.65058588E-07
  -5.53737003E-08  -2.04429668E-07  -2.26099431E-07
   1.17757509E-07   7.33601269E-07   3.94148373E-07
  -1.81026834E-07   1.57480699E-07   1.18398077E-07
   4.01515535E-07   1.17563935E-07   2.36453346E-07
  -4.87981822E-07  -1.78141676E-07   4.61704730E-07
   4.23444646E-07   3.84725269E-07  -4.69466137E-08
  -1.95048599E-07  -4.51233717E-07   2.32126382E-07
   2.20571138E-07   5.84193103E-08  -4.99338284E-07
  -1.56846891E-08  -4.22004348E-07  -3.20704999E-07
  -1.27123458E-08  -1.14997746E-07   3.52188238E-07
   2.32223101E-07   3.19088997E-07  -1.25004433E-07
   5.20358583E-07   2.27591514E-07   8.02456213E-07
   5.11285066E-07  -8.99576662E-07  -4.51316509E-07
   5.92014658E-07  -2.53206309E-07  -7.96132554E-07
  -2.96057067E-07   1.09746793E-07   2.36355277E-07
  -2.49986186E-07   4.86055967E-07   1.83339779E-07
  -1.50101528E-07   3.45081872E-07  -1.13211755E-07
   9.41567890E-08   7.94527821E-08   2.14967422E-08
   2.39280027E-08   2.10247837E-08  -6.05832806E-09
  -2.11027356E-07   5.48073196E-08   3.78116773E-08
  -2.93819625E-07   2.67286424E-07   8.13690974E-07
   4.56626566E-07  -3.75408362E-08   6.47930207E-08
  -2.52468112E-07   2.91471398E-08  -2.95456431E-07
  -1.10016266E-07  -1.24620172E-07  -1.65048320E-07
   3.50296517E-07  -1.03578852E-08   6.51410019E-08
   2.72089196E-08   2.94829388E-08   1.28400170E-08
  -9.52718210E-07   2.42432261E-08  -2.67438367E-07
   4.17545124E-07  -4.95297421E-08  -2.73670821E-07
   6.35342985E-07  -3.34889450E-07  -1.69956650E-07
   1.25321677E-07   6.58218084E-08   1.07671005E-09
   5.23309751E-08   1.23958472E-07   2.62226848E-07
  -2.84739968E-07  -5.12316888E-07  -1.67623337E-08
   2.22432405E-07  -3.60589013E-07  -2.73206467E-07
   9.55270067E-08  -1.36763742E-06   9.76112460E-07
   2.43367680E-07   3.00709331E-07   8.80782466E-07
   2.19758746E-07  -2.82138785E-07   1.37027214E-07
   2.44804941E-08   6.18513241E-07  -6.60641533E-08
  -8.69081077E-07   6.67321842E-07   5.08714891E-07
   5.32790466E-07  -2.22903353E-07   2.67218837E-07
  -7.80208076E-09   1.34423431E-07  -5.55606903E-07
  -1.90236619E-07  -1.69822655E-07  -3.49044527E-08
  -1.45383297E-07  -1.80183278E-07  -5.90563900E-08
   1.18374871E-07  -1.07117820E-07   1.99924592E-08
  -2.36367327E-07  -1.65274017E-07   1.61718646E-07
   3.14832249E-07  -3.49398107E-07   1.03925935E-07
  -2.98242355E-07  -1.10184274E-07   5.50950631E-07
  -4.65138044E-07  -4.80732638E-07  -1.89069723E-07
  -8.01417315E-08  -7.15980448E-08   3.15945101E-07
  -8.47941863E-07  -1.16249595E-07   2.75933644E-07
   1.98660302E-07   4.14994510E-08  -1.97596535E-07
   6.08441937E-08   3.23013190E-08  -5.77534934E-07
   3.75010757E-07  -7.61418573E-09  -3.43291845E-07
  -5.19363859E-08  -6.80503604E-07  -6.66995902E-07
  -2.64951382E-07  -7.66377823E-08  -6.00986425E-07
   6.32452611E-07   4.94326571E-07   2.54849397E-07
  -1.95484276E-07   2.68823101E-07   4.73497188E-08
  -5.34052846E-09   1.06922407E-07   1.64800387E-08
   1.07156680E-07   6.12388575E-08   8.11970665E-07
   6.98418717E-07  -4.46626359E-07  -7.60748264E-07
  -3.52004470E-08  -7.21053084E-08  -5.65204843E-08
   3.74712528E-07  -2.79406720E-07   1.22439431E-07
  -3.79216260E-07   7.21419894E-07   1.23921664E-08
   6.78825796E-09   1.11602439E-07  -1.76624496E-06
   7.30558085E-08   7.45943840E-09   1.30662713E-07
  -3.64291481E-07   8.41632541E-08  -2.21464589E-07
   2.08662634E-08   6.44861586E-07   1.75132655E-07
   7.30879265E-07  -1.34300726E-09   9.51959237E-07
  -9.05505033E-07  -4.86373608E-07   2.17356458E-07
  -5.31997557E-08   2.83823482E-07   5.69354938E-07
   3.25203047E-08  -2.17663754E-08  -2.27961024E-07
   8.51385096E-07  -9.43220641E-07  -5.41222676E-08
   1.14510620E-07   1.21790762E-07  -1.95412653E-07
  -8.08668474E-08  -1.59333823E-07   2.92342122E-07
  -1.52093065E-07   1.16969630E-07   8.96195900E-08
   5.69394331E-07  -1.27776545E-08  -2.41998151E-07
   1.05473426E-07   1.04243462E-07  -8.07999001E-08
  -2.27789940E-07   1.50097719E-07   6.28966063E-07
  -1.20578659E-06   6.77892388E-07   5.77512139E-07
   2.70909453E-07   9.91109573E-07  -1.82331434E-07
   1.70802998E-08  -8.16371880E-07  -1.68940147E-07
   1.20702694E-07  -2.73270416E-07  -3.29196155E-08
  -4.76174989E-07   2.28729622E-08   5.69925191E-08
  -5.40039366E-07   5.20985850E-07  -4.24229768E-07
  -4.85538116E-08   3.79060651E-07   1.22740801E-07
   1.19474791E-07  -2.98727514E-08   4.33381615E-08
  -3.10278011E-07  -9.72545649E-07   1.19846995E-08
  -3.44660336E-08   3.76639377E-08   1.91040517E-08
  -1.62590979E-07   1.37586511E-07  -2.32579879E-07
  -2.87156752E-07   1.18820530E-07  -7.68791679E-08
  -2.09197367E-07   1.91873497E-07   1.09983425E-07
  -3.33973915E-08   2.75823623E-07  -7.08520531E-08
   3.39429924E-08   6.42102762E-08  -7.60292593E-08
  -6.31188755E-07  -8.18222134E-07   1.12494649E-06
  -6.03972921E-07  -1.40225495E-06  -1.52063691E-07
  -1.92463943E-07   6.06379800E-08  -9.02835779E-08
  -1.75516561E-08   4.84584000E-08   1.53726614E-08
   8.18536080E-07   9.72900693E-07   1.10144515E-06
  -1.49814952E-07  -6.84380836E-08  -4.15364241E-07
  -1.93260604E-07  -5.43117039E-07   7.87515944E-07
   9.80026016E-08  -2.24055611E-07   7.55983294E-08
   7.98221578E-08  -4.94650720E-08  -2.12236948E-08
   1.47843082E-07   7.03958278E-07  -1.96629827E-07
  -2.18394849E-08   1.35356274E-07  -3.18393262E-07
  -6.82509125E-08   1.19062094E-07   9.24962933E-08
  -1.76852993E-07   2.06424787E-07   2.10406963E-08
  -1.03350388E-07  -7.52158513E-08  -5.92070073E-08
   1.83637113E-07  -1.66983511E-08  -1.43535658E-07
  -1.47006304E-07   1.79920832E-07   2.89773538E-07
  -8.58721947E-08   4.47877078E-08   4.90151479E-07
   7.97326152E-08  -7.96185091E-08  -3.24110886E-07
   1.00574880E-07  -1.80284676E-08  -2.04870275E-07
   8.89722429E-08  -5.29054596E-08   1.28991061E-07
   1.71528825E-07  -1.11980654E-07  -2.97108347E-08
   2.87320518E-07  -1.78035435E-07  -4.48850166E-08
  -9.45157694E-07  -8.79500760E-07   1.87039262E-07
   1.36205756E-06  -1.13359397E-06  -4.77469655E-07
   3.04227683E-07  -1.78103335E-07   1.29232626E-06
  -2.51201548E-08   3.70404450E-07   2.21812506E-08
   5.55124927E-07   9.56304802E-07  -6.79249865E-07
   4.77617277E-07  -2.10049805E-07   3.69366234E-07
  -1.12548349E-07   1.99823035E-07  -1.51109717E-07
   8.94230041E-08  -8.68146287E-07  -1.16288436E-06
  -3.13900216E-07  -6.61988366E-08  -8.48557534E-07
   3.15902611E-07  -1.38606737E-07  -3.35966810E-08
   5.28079795E-07   1.01026160E-06   4.16439633E-07
  -3.18731935E-07  -4.04396133E-07   3.29226850E-07
  -7.16137777E-07  -3.52877635E-07  -1.20216328E-07
   1.71658087E-07  -5.40927552E-08   1.22800387E-07
   2.22788330E-07   5.65813536E-07   4.70819629E-07
   6.24992822E-07   9.03224532E-07  -6.97350345E-07
  -1.19892114E-08  -9.22692678E-08  -5.56499025E-08
  -2.65387200E-07  -8.47321715E-08   1.74352706E-07
  -1.49753006E-07   8.25908302E-08   1.03661300E-07
  -1.19419525E-07   5.65703942E-07   5.26975725E-07
  -4.71898488E-07   2.66337281E-07   1.04287906E-07
   7.30528598E-07   1.78770506E-07   1.34642079E-07
   2.23246190E-07  -5.16908869E-07  -3.24785134E-07
  -4.04323757E-08  -4.41084438E-07  -3.57083572E-08
   3.48636092E-07  -6.93697499E-09  -7.94691744E-08
   3.08695434E-07  -1.16849684E-07   1.04798474E-07
   4.90240723E-07  -5.72506202E-08   3.50624646E-07
   7.65549714E-07   9.61241767E-07  -1.76907648E-07
  -4.49892177E-08   1.19538498E-07  -1.97066171E-07
  -1.62417194E-07   4.56677355E-07  -1.41334704E-06
   1.51825191E-07   3.07918668E-07   3.86262883E-07
  -9.39326625E-08  -2.14390553E-07   1.44692933E-07
  -5.15658805E-08  -9.53046566E-08  -9.45716465E-07
  -1.51604155E-07   8.64226308E-08   3.15932951E-08
   3.47080373E-07   7.73821398E-08   2.50632837E-07
  -1.69045109E-07  -3.36691990E-08  -3.73906914E-08
   2.29892496E-08   3.08544259E-07   2.99103306E-07
  -6.14524183E-08  -3.40852296E-07   1.55861841E-07
  -5.74552644E-07   8.22997947E-07  -8.53686544E-08
   4.34190753E-07  -7.78167077E-08  -8.89680241E-09
   2.08004991E-07  -1.25279328E-07   2.25693910E-07
   6.29920578E-07  -6.21582103E-07   2.59491514E-07
  -6.56709801E-07   7.38434949E-07  -4.81603706E-07
   1.53366202E-07  -2.28554509E-08  -1.34700997E-07
  -2.12898442E-07   4.37772513E-07  -1.76671868E-08
   2.21868490E-07  -1.30444178E-07  -8.19732975E-08
   1.47936305E-07   8.27749375E-07  -9.54511052E-07
   6.74864452E-07  -9.19571676E-07  -6.99369082E-07
   3.12081283E-07  -3.39979294E-07  -4.55628111E-07
  -2.78954104E-07   6.54590337E-08   3.32160596E-07
  -3.22043917E-07   1.60937120E-07   2.93091091E-07
  -6.73451893E-07  -1.71500130E-08   5.36055111E-08
   1.03347816E-07  -3.25691673E-07  -2.00708925E-07
   9.85857469E-07  -6.78980427E-07   1.95602411E-06
   3.49530524E-07   6.81374956E-07   3.33122500E-07
  -8.64360850E-09  -1.72735128E-07  -2.33263279E-07
  -1.33522542E-06  -8.64117851E-07   5.82252710E-07
  -1.04296066E-06   2.00960841E-07   9.53646619E-08
   3.80887315E-07  -3.10242683E-07   2.24951322E-07
  -1.17372714E-07   1.19860744E-07  -5.39882308E-08
  -1.39035990E-07   1.82672778E-07  -5.34700426E-08
   2.46615173E-07   5.36157074E-07   7.18776363E-08
   1.54551444E-07   5.58518600E-08   4.00790810E-07
   1.80323781E-07  -1.21775344E-07   5.53722010E-08
  -3.45743132E-07   1.38756434E-07  -3.04203773E-08
