  -3.12192716E-09   3.65085628E-09  -1.68884229E-09
   6.91888269E-10  -6.75468792E-10  -3.53393731E-10
  -8.08718603E-09   9.14514775E-09  -9.83274351E-09
   6.71545930E-09  -5.34076916E-09   8.64832761E-10
   5.12193787E-10  -9.87111171E-10  -2.25184982E-10
  -3.13357784E-09  -9.63218660E-09  -3.06969064E-08
  -5.34102007E-09  -8.75139072E-10  -4.61616390E-09
  -9.68586544E-09   3.24796356E-10  -1.33123681E-08
  -1.10122322E-09   3.37173955E-10  -1.69613479E-09
  -5.10334175E-09   7.56109308E-09  -8.72758699E-10
   1.03242637E-09  -2.67785238E-09  -4.73281769E-09
   1.77413151E-09   2.37871878E-09   2.20149055E-09
  -1.14680043E-10   8.36456016E-10   5.68041170E-11
   2.97963929E-08  -2.50225725E-08  -3.18650972E-09
  -6.74528344E-09   4.78180162E-10   5.15831100E-10
  -3.43035000E-09  -1.63801539E-09   2.96092539E-10
  -4.92647700E-09   5.16234699E-09   5.26521360E-09
   2.58312843E-10  -4.14458190E-11   2.74012313E-10
   3.55824681E-09   1.85779125E-09   7.79712384E-09
   5.41574607E-09  -8.34131608E-09   2.28576624E-09
   4.76122641E-10   4.90242291E-09   2.08030732E-10
   1.25904953E-09   2.21181296E-10  -6.81614931E-10
  -1.03033519E-08  -3.79805298E-10   1.07849396E-09
  -5.11400589E-10   2.32346320E-09  -6.95990421E-09
   1.41419843E-09   1.73519759E-08   2.23820944E-08
   9.93379268E-11   2.51317589E-09   1.06472076E-09
  -7.98399391E-09  -2.50840682E-09  -6.16750828E-09
  -6.14034912E-09  -5.73226711E-09   6.46792220E-09
   5.06385334E-09  -8.26288371E-09   1.88853111E-08
  -5.73465897E-09  -6.66945876E-09  -6.49814558E-09
  -3.06780890E-09   5.15518295E-09  -5.03882824E-10
  -1.17751964E-09  -2.29223840E-09  -3.15356274E-09
  -8.54679794E-09  -1.90475653E-08  -1.34524814E-09
   1.71424439E-08   1.59058828E-08   6.36214770E-09
   9.38558342E-10   9.83697346E-10   1.12683285E-08
  -4.42197695E-10   7.36803418E-09  -1.97997424E-10
   4.28334257E-10  -2.31160202E-09   2.30238606E-09
   7.83074716E-10  -5.57251134E-10   6.19866214E-10
   1.17066143E-08   2.18824125E-10  -7.45716910E-09
   2.16896545E-09  -1.86252080E-09   3.63475583E-10
  -9.38076006E-11   1.00756470E-09   3.75718079E-09
  -2.08952744E-09   4.05622813E-10  -1.05074149E-09
  -3.60081676E-09   2.08607709E-09  -4.27159808E-10
   6.92505997E-10  -2.12676855E-11   5.51365675E-10
   5.28992983E-09  -3.42180373E-09  -9.39942790E-09
  -2.14368723E-09   1.75635484E-09   1.07547216E-09
   1.47408774E-09   2.91691271E-09   1.14668905E-08
  -6.95606328E-09   9.60257429E-10   1.53825597E-09
   3.95518285E-09   3.33740879E-09   5.44696777E-09
  -8.95931940E-10   7.23284599E-10   1.61168345E-09
   1.77976975E-08  -3.24696963E-08   1.65583405E-08
   7.41089368E-09  -6.31276365E-09   1.02907256E-08
   9.29954114E-10   1.92079419E-09  -1.17460019E-09
   4.63891769E-09  -3.52022456E-09   1.12435705E-09
  -6.26492813E-09  -1.93054572E-09   1.05910147E-09
  -7.52099805E-09   3.98188078E-08  -1.33428815E-08
  -4.45317516E-09  -2.09538364E-09   1.57737468E-09
  -4.10947143E-09  -5.59283730E-09   1.88547222E-09
   4.24220126E-09  -2.83921531E-09   3.72937548E-09
  -1.06002973E-09  -9.61931423E-10   3.00226022E-09
  -1.66992731E-09   8.54430748E-10   4.19070056E-10
   1.98681560E-09   6.12345863E-09   6.43399778E-11
   5.81112714E-09   7.33195171E-10   2.51790500E-09
   5.79911397E-10  -1.30513611E-09   3.40173445E-09
   1.34656364E-09   1.90313565E-09  -1.21031385E-09
  -1.60898317E-08  -1.92617691E-08   9.79748283E-09
  -5.32076916E-09  -9.68827685E-10   1.88506044E-10
   8.10752188E-10  -1.98202699E-09  -2.10478870E-10
   6.96216640E-10  -7.49604379E-10   3.21645799E-09
  -7.60959240E-10   6.30192387E-09  -1.92306637E-09
   5.09962828E-09   3.03992098E-09  -5.01056441E-09
   1.73056824E-09   2.20466201E-09   4.06192813E-09
   6.51656462E-09   7.22926252E-09   2.53784171E-09
   6.64427446E-09  -1.02971331E-09  -1.85108517E-09
   3.05421266E-09  -3.97233180E-09  -1.53985109E-08
  -5.30781419E-10   1.64682157E-10  -3.23531824E-09
   1.41456502E-09   1.03836395E-09   8.49851856E-10
  -2.27597385E-10  -8.87080809E-09   4.39775460E-09
  -1.97619592E-08  -2.82093122E-08   9.09320086E-09
   8.14392664E-10   5.80343196E-09  -2.73324363E-10
   2.79990453E-09   9.67322611E-11   3.49510287E-09
  -1.66837077E-09  -2.59234612E-09   2.13378959E-09
   1.59991149E-08   1.70187722E-08   3.06157233E-08
  -9.43940925E-10  -2.13196905E-10   7.14194481E-10
   6.17158658E-10   7.99802891E-10   3.38871375E-10
   2.52509524E-09  -1.40164302E-09   7.37187880E-11
  -1.14616594E-09   1.45735797E-08  -1.52095136E-08
  -7.13827530E-09  -3.39030404E-09  -2.92428304E-09
  -6.53916199E-10  -6.54466592E-10   6.93911151E-10
  -4.08723810E-09  -3.34630901E-09  -1.53990021E-09
  -2.70289280E-09  -1.65329528E-09  -3.31096128E-09
  -4.84666884E-09  -6.49410969E-09   2.95387981E-09
   5.32915356E-09   1.50632540E-09   8.99616770E-10
  -2.68369149E-09   3.80788689E-09  -3.34243910E-10
  -1.41330447E-09   3.56908836E-09  -8.24991575E-10
   1.52699586E-09   1.62867153E-09  -1.63226210E-10
   8.49437257E-11  -5.01462982E-10  -6.42238207E-10
  -4.40924453E-09  -9.07343622E-09   3.69844377E-09
   5.02564967E-09   1.65350766E-09  -4.75106354E-09
  -3.46784268E-10   3.55198804E-09  -4.52760773E-10
  -2.10777085E-09  -4.45175141E-09   2.51586707E-09
   6.93101532E-09   3.05104364E-09  -6.16215479E-09
   4.50938975E-09   8.39173619E-09  -3.69008712E-09
  -5.74703751E-09   1.55178412E-08   1.70389380E-09
   5.91787463E-09  -1.54027935E-09  -5.39944534E-09
   3.00834486E-08  -7.42344852E-09  -1.66591700E-08
   4.50006921E-09   6.97463998E-09  -4.84196405E-10
  -1.51970769E-10   1.37128597E-09  -5.17362508E-09
  -3.78283405E-09   3.74572506E-09  -2.19579444E-09
   1.42453294E-09   8.97194541E-10   1.09484688E-09
  -1.65068084E-08   2.10084483E-08   8.66085337E-09
   3.45432793E-10   5.92238036E-10  -5.55448465E-10
   8.86212048E-10   6.17012930E-09   6.75186573E-11
   6.74673473E-09  -5.22502352E-09  -4.71981565E-09
  -8.75969131E-10   2.73363954E-09  -9.49298751E-10
  -4.86256191E-09  -1.70281655E-09  -6.94200475E-09
   6.40832831E-10  -3.24532734E-10   9.40387768E-10
  -4.49634641E-09   3.13261439E-09  -9.57080970E-10
  -1.29332518E-08   1.17653345E-08   1.15127605E-08
  -8.43578984E-10   1.11044351E-09  -1.97034916E-10
   5.47963896E-11  -3.49483775E-11  -9.31506206E-10
  -6.37592257E-10   1.72378745E-09  -5.17635401E-09
  -7.43984785E-09  -7.02837610E-09   6.86143697E-10
  -3.20923565E-11   4.81093254E-09  -1.72903878E-08
  -4.42267001E-10  -2.41359155E-10  -1.45340240E-10
   7.75005338E-10  -1.00818986E-09   1.17696575E-09
   1.54192148E-09   2.93846114E-10  -6.54603149E-10
   3.03769654E-09   7.31638172E-09  -1.44992640E-08
   1.91230809E-09  -1.72520949E-08   2.71050524E-08
   1.32911501E-10  -1.17840859E-09  -3.30224248E-09
  -6.86330139E-08   8.36508249E-08   7.30176879E-08
  -1.89551885E-09  -1.45003343E-10  -2.40419284E-09
  -1.01578825E-08   3.19062554E-09   1.67985359E-09
   3.38520101E-09  -6.20069862E-09  -3.21191385E-09
  -4.09821732E-09  -4.73622608E-09   2.88863400E-09
   2.27943064E-09   6.69201417E-10   4.91817698E-09
  -1.08062470E-09   7.19161619E-10  -1.45630485E-09
   1.59452562E-09  -9.55826884E-09   7.82484566E-09
  -1.09267013E-08  -4.56928317E-09  -3.93970412E-10
   6.36612929E-10  -6.28482733E-09  -9.39363698E-09
  -2.63427835E-10   7.16782500E-09  -5.21535881E-09
   5.09352294E-09  -1.97890788E-08   1.98758574E-08
  -1.85816997E-08  -3.62263264E-09  -1.48235726E-08
   6.06044948E-09   7.54151142E-09   8.81293261E-09
   2.05218287E-10   1.63723668E-09   8.17469870E-10
  -1.80431192E-09  -3.34787398E-09   1.98545491E-09
  -6.13842088E-09  -2.21422924E-09  -7.47847562E-10
   9.35859923E-09  -1.35121434E-08  -5.72550718E-09
   2.05108375E-09   4.23129931E-09  -4.12464507E-09
   1.43994472E-09   1.04918929E-09   4.51239490E-10
   1.69897962E-08  -1.42555017E-08  -7.92494692E-09
  -2.18944218E-09  -3.04498116E-09  -2.99439384E-09
  -5.88631699E-10   8.38806802E-10   3.44972384E-10
   3.57027208E-09   6.62584254E-09   3.69522390E-09
  -1.63819935E-09   3.36791928E-09   4.70069150E-10
  -8.95117869E-10   4.75810635E-09  -5.82007420E-09
  -6.80583812E-10   2.32038389E-09  -2.46827492E-09
  -8.35999714E-10  -2.20706342E-10  -1.06884457E-09
   5.35978761E-10   6.24545882E-09  -1.80391180E-09
   1.52930835E-09  -3.39939188E-10  -7.29124094E-10
   5.94601146E-10  -9.60754143E-10   5.45886980E-09
   4.90794183E-10   4.70791850E-10  -2.16103269E-09
  -6.75056855E-09   6.53380372E-09  -1.24067201E-09
   2.27662067E-09   4.62988758E-09   3.06988501E-09
  -2.15952123E-09  -5.30710531E-10   2.24152319E-09
   1.38724698E-10  -1.67786507E-10  -2.96282576E-09
   2.56955102E-09  -7.36878558E-10  -9.85656801E-09
  -3.22464588E-09   2.79286105E-09   4.08340473E-09
  -4.14555890E-10   5.72326186E-10   9.84947013E-10
   8.20596813E-10  -6.07340711E-09  -6.49645493E-09
  -5.24721289E-09  -4.86792651E-09  -4.42738779E-09
  -6.89067203E-09  -2.58245136E-09  -7.08165748E-09
   1.37378620E-09  -3.52584628E-09   8.40129477E-09
   2.96358493E-09  -6.22999208E-09  -1.37122580E-08
  -7.05710698E-11   2.33592673E-10   1.14774490E-09
   6.64462707E-10   1.06359954E-09  -7.06958136E-09
   6.08948625E-08  -7.37808676E-08  -6.56466597E-08
  -2.40090614E-08   2.79076606E-09   1.05800293E-08
   2.77805734E-09   1.26777711E-09  -5.74860604E-10
  -3.44094921E-08   1.77153314E-09  -1.46262584E-08
  -3.74686282E-09   8.87184282E-09  -6.18569640E-09
   1.46398538E-09  -2.07088080E-09  -5.39129896E-09
   2.82218982E-09  -1.30697164E-09   2.23136487E-09
  -3.30390071E-09  -2.46028198E-09   6.37894804E-09
  -6.27871310E-10   5.41483913E-10  -1.46038737E-09
  -3.30613026E-09   8.22502344E-10   6.56553312E-10
  -3.21737814E-09  -1.03986713E-08   6.15314022E-09
  -2.80152901E-10  -5.65927694E-10   4.97927255E-10
  -2.39831754E-09  -1.90681115E-09   4.32385183E-10
   2.85225887E-09  -6.74838851E-09   2.51031151E-09
  -6.05960615E-10   9.96112193E-10  -1.04489140E-09
  -4.01945233E-09   1.16786563E-08   7.61941266E-09
  -2.93641822E-09   6.42187903E-09   5.91650950E-09
   1.08823244E-08  -2.68726676E-08   8.76024142E-09
   2.83410073E-09   3.08406367E-09  -3.25211413E-09
   2.61425770E-09   1.00624957E-08  -5.54975044E-09
  -4.06209982E-10  -2.36408249E-09   1.22130461E-09
  -4.81821161E-09  -2.62548250E-09  -2.90850455E-09
   2.41860265E-09   5.04881958E-09  -3.86987287E-09
   1.39180623E-09   1.03418141E-09   9.31458355E-10
   2.96204306E-09   3.40578010E-10   7.70979391E-10
  -5.83191362E-09  -1.76973292E-09  -1.06398412E-09
   2.29548158E-09  -1.54715873E-09  -2.42231724E-09
  -4.00008737E-09  -7.75483233E-09   4.04602218E-09
   2.76851964E-09   6.90974167E-10   2.62157895E-09
   1.32417650E-08  -1.63039306E-08   6.40099029E-10
  -6.39713793E-09   1.89551286E-09  -3.91565269E-09
   6.73744949E-10  -2.45376963E-09   3.56993302E-09
   4.62378269E-09  -8.13408008E-09   3.80112031E-09
   5.46578505E-10  -5.26182609E-09   1.02458819E-09
  -4.78307505E-10  -8.54910517E-11   8.88297880E-09
   3.55782248E-09   1.09145910E-08  -2.72450258E-08
   1.29131794E-09   1.47752199E-09  -5.89770544E-09
   6.38203357E-09   2.02298711E-09   4.59014027E-09
   1.30461997E-08   1.25351429E-09   2.34817166E-09
  -6.60670074E-10   2.00458450E-09  -4.67040295E-10
  -7.05480518E-09  -7.38606465E-09   1.50135493E-09
  -6.28897912E-09   5.75007730E-09   1.36170568E-08
   2.47230125E-10  -1.89514154E-10  -1.66171443E-09
  -3.62965058E-09  -1.98241712E-09   1.01075823E-08
  -2.03247152E-09  -1.35949196E-10  -4.37200187E-09
  -2.35120989E-09   2.38071340E-10  -8.84810059E-10
  -5.57641844E-09  -3.23310423E-09   4.68129224E-09
   2.29698971E-09   3.52581608E-09  -3.68476005E-09
   3.16919380E-09   2.14596447E-08   3.36638699E-08
   5.17824583E-09  -4.78355222E-09  -8.67502070E-09
   8.67679040E-10  -6.75834411E-09   1.35217670E-11
   2.24905916E-09   4.71905670E-09   7.53730633E-10
   1.37064369E-08  -1.00323403E-08  -1.30698092E-08
   1.15755872E-09   4.27382885E-09   6.39328368E-09
  -2.32304087E-09  -4.10858902E-10   3.88284649E-09
  -2.24705188E-09   4.17582502E-09  -1.33337785E-09
  -6.07645312E-09  -2.47588061E-09  -2.14457518E-09
   3.98791089E-09   2.46729659E-09  -4.69804684E-09
  -3.72113433E-08   4.65182071E-09   9.91705029E-09
  -1.38040190E-09  -8.01708588E-10  -2.13984386E-09
  -4.96187802E-09   4.67695838E-09  -6.79613876E-09
  -9.77546044E-10   5.31558686E-11  -2.33473729E-09
   1.50637458E-08  -8.57401172E-09   7.23239379E-09
   2.94266100E-09   5.02736408E-10  -1.45832652E-10
   1.78204174E-09  -1.42766976E-09  -9.16246634E-10
  -4.29755065E-10   1.22850308E-09  -2.35023068E-09
   1.55784385E-09  -6.82202739E-09  -1.49189745E-08
  -1.32564599E-08   4.19324442E-09  -1.19591181E-09
   1.20753152E-09  -1.73439463E-09  -5.77716375E-10
   5.60348379E-10  -3.26750099E-10  -2.63325939E-09
  -1.26854571E-09  -3.86665588E-09  -8.50909299E-09
   2.55714627E-09  -1.10824494E-09   3.55669427E-09
  -1.74897929E-09  -4.08557899E-09  -1.61566827E-09
   1.27849439E-10   5.33082800E-10  -2.41169995E-09
   1.51827761E-09   4.12221279E-09  -2.87938984E-09
   2.84009838E-09  -9.95503791E-10   7.93873500E-09
   5.42015011E-09   1.48574519E-09   9.65884261E-10
   1.66593193E-08  -8.58850768E-09   4.64350247E-09
   4.17550383E-10   4.15082368E-09   4.01305922E-09
   3.30623307E-09  -7.33588790E-09   9.17072995E-09
  -2.02525960E-08  -2.40701397E-08  -4.63277772E-09
   5.88907101E-09  -2.31681585E-09   2.65183120E-09
   8.87245777E-10   1.00926156E-10  -9.06852371E-10
   8.79729356E-09   1.95135885E-09   4.71730388E-09
  -7.41004813E-09   4.07564160E-09  -4.60402738E-09
   3.33709904E-09   2.03383377E-09   1.46670542E-08
  -3.44354656E-09   7.11521553E-09   6.60990951E-09
  -1.30764635E-08   7.42089368E-09  -2.14862439E-08
   3.76855991E-10   8.82594331E-10  -6.44020615E-09
  -9.02366515E-10  -3.54886409E-09   2.56164556E-09
  -3.40469031E-09   2.37539544E-09   2.64762456E-09
   4.02199163E-10  -3.34954731E-10   6.17378926E-10
  -1.04020037E-09   4.47971382E-10   1.50372881E-09
  -1.85630150E-10   4.26909130E-09   5.20463717E-09
  -2.45771425E-09   4.77259299E-09  -1.88136196E-09
  -3.78714216E-09   7.57260477E-09  -2.25866037E-09
   9.92751437E-10   2.96676772E-09  -2.32291897E-09
  -1.39492129E-09  -2.07316764E-09   7.16224458E-09
   7.32142236E-10   6.44335085E-10   1.46991008E-09
   1.90313898E-09  -4.85804175E-11   4.97159314E-10
   2.52918442E-09   6.27512176E-09  -3.25785110E-09
   1.55717661E-08   1.17446692E-08  -6.18214191E-09
  -7.85882470E-11  -3.34984596E-09  -2.86843926E-09
   1.66348313E-09  -4.50198989E-09   3.28333538E-09
   5.46799139E-09  -1.22251875E-10   4.51934890E-09
   4.36365166E-09  -1.02214663E-08   5.24043475E-09
  -3.41964124E-09   7.45572215E-10  -3.90403487E-10
   6.07792039E-09  -8.46824000E-10   5.93189942E-11
  -2.73146450E-10  -6.00005212E-10  -2.47008303E-10
  -7.56423191E-09   4.60137706E-09   1.65280833E-09
   1.91931415E-10   9.25095667E-10  -3.97244126E-10
  -3.14911941E-09   3.81768950E-10   2.61054267E-09
   4.49877113E-09  -3.50796059E-09   2.07132755E-09
   2.69840128E-09  -1.65118741E-09  -2.38161768E-10
  -3.23853921E-09  -2.16513718E-09   2.22068963E-09
   4.62010430E-11  -2.41070675E-09   1.39762613E-09
   5.27360022E-09  -6.27928376E-10   5.94634009E-10
  -2.00195016E-09   2.14512053E-08   2.04691486E-09
   3.90607191E-09  -2.24911059E-08  -7.30385619E-09
  -1.51315516E-09   7.21612770E-11   1.87964044E-09
   1.93909055E-10   1.07044751E-09  -9.23984944E-10
  -3.05853509E-10  -8.55325644E-10   3.44824302E-09
  -1.74110903E-09  -3.08683679E-09   3.51791996E-09
   1.85022409E-09   1.12838947E-08  -6.25596575E-10
   1.20677923E-09  -4.87593654E-09  -2.53316895E-10
  -2.70895195E-09   7.20084437E-09   5.05922726E-09
   3.72201914E-09   2.16123697E-09   1.06062292E-09
   3.50084273E-09  -9.57527302E-09  -4.53046756E-09
  -3.58507202E-09   2.45064813E-09   1.07012854E-09
  -8.64075389E-09   4.47972159E-10  -2.61881539E-09
  -1.22716359E-09   1.75725123E-09  -8.86690721E-10
  -2.71935008E-09  -2.74615386E-10   4.56430982E-09
  -1.59167690E-09  -7.58653029E-10   2.16066898E-09
   5.88042393E-11   1.24855593E-09   2.48337684E-09
  -3.54576990E-09   6.92572932E-09   9.72012426E-09
   3.41790019E-09  -1.46800228E-09   2.90715496E-09
  -5.55599078E-09   9.57406865E-09   7.45151674E-09
  -4.04588674E-09  -6.62269573E-09  -1.66835379E-09
   4.28120456E-10   3.02799674E-09   9.83302773E-10
   1.57694457E-09   3.82319598E-09   4.91729057E-09
   9.20797050E-10   3.71311204E-10  -2.91919322E-10
  -1.35266565E-09   3.34446448E-09  -2.14728435E-09
  -4.23621849E-09   9.03929021E-09   7.56077423E-10
  -2.77526158E-09  -4.82229767E-09  -9.96120431E-09
   2.07510986E-09   6.43458575E-09  -2.63540900E-09
  -1.80205162E-09  -7.85997400E-09  -2.69600831E-09
   2.52615817E-09  -1.89591204E-10  -3.05705261E-09
   7.06896586E-09   1.05200613E-08   1.49650141E-08
  -5.52520918E-09  -1.69706371E-09  -3.54605612E-09
  -5.18560617E-09   3.81200227E-09   2.52593857E-09
   2.77275403E-09   1.17437926E-09   2.28664110E-09
   4.09076861E-09  -9.07914721E-09   1.90998950E-09
  -3.79380882E-09  -1.68561121E-09  -4.88093610E-09
   1.12562637E-09  -2.12060536E-10  -1.18236909E-09
  -1.58366842E-09   1.24207633E-09  -9.84546777E-10
   1.90982981E-08   2.84836883E-08  -9.20136944E-09
  -1.64164282E-09  -1.22429951E-08   3.14033399E-09
   2.48037391E-09  -1.37582372E-08  -6.30140162E-09
   6.17803808E-09  -4.05465528E-09  -9.89402604E-09
  -1.07368345E-08  -5.69057823E-09  -2.47315013E-09
  -4.58670546E-10   2.10815188E-09  -2.81388579E-10
   3.53799545E-09   2.82733792E-09   1.01714803E-09
  -1.29552165E-08  -1.29047804E-08  -1.46431089E-09
   1.88414662E-09   4.88191265E-10   1.00556652E-09
   2.03919148E-09  -4.41030934E-10  -9.17450504E-10
   8.87165286E-10  -1.59903779E-09   9.76162817E-10
   1.03879536E-08  -4.65883687E-09  -1.30737909E-09
   1.50498536E-09   1.64427172E-09  -2.29887509E-09
   8.43332348E-11  -1.99942751E-09  -1.71265790E-09
   6.91194213E-10  -8.35784830E-10   7.84829368E-10
  -6.67606415E-10  -8.17009405E-10  -1.01594622E-10
   2.07164170E-08  -4.04749612E-09   9.90848026E-09
  -7.34626715E-09   3.08607295E-09   2.01160288E-09
  -1.37640690E-08   1.70520025E-08   7.42916262E-09
   3.98413746E-10   2.99774450E-09   1.45197276E-09
   2.53833310E-09  -9.23990717E-10   1.66370839E-09
  -1.41045720E-09  -1.98387218E-09  -5.93409188E-09
   7.28231531E-10  -2.15063456E-09   3.87427868E-11
  -6.45863452E-09   2.20519460E-08  -1.20952315E-08
   9.68797575E-09  -2.51309640E-09  -6.74034695E-09
  -4.61092364E-09   3.40915052E-09  -1.97472616E-09
   3.13934478E-09  -1.18311290E-08  -7.53526219E-09
   2.59418780E-08   2.66263314E-08   9.54472412E-09
  -2.41330556E-09   6.29190255E-10   5.02666464E-10
   1.08897735E-08  -1.44493333E-08  -8.62522409E-09
  -5.51867085E-09  -6.48710374E-09  -1.90043981E-09
   2.73446321E-10  -2.70406808E-10  -6.56305066E-10
   3.01401126E-10  -6.48129328E-11  -1.47418522E-09
   1.31371736E-09   4.15616597E-10  -6.87626733E-10
   2.73168688E-09  -7.25648031E-09   1.84182003E-10
  -6.15950313E-09   6.15644735E-09   3.18499471E-09
   6.30674535E-09   7.63962760E-09   1.60946101E-08
   1.07711466E-08   4.83956164E-09  -1.14819425E-08
   2.83649348E-09   4.92202612E-10  -6.09039652E-10
   3.83308885E-10   2.95729241E-09  -2.32556419E-09
  -5.70781022E-09  -1.59623581E-09   5.71854475E-09
  -2.94387892E-09  -1.08990850E-09   9.71850933E-10
  -2.17608909E-09   6.29493080E-09   3.69489195E-09
  -2.14545470E-09  -1.13680565E-09  -8.94645469E-11
  -1.16809922E-08  -1.57008522E-08   2.47506704E-09
  -4.11795709E-10  -5.58990809E-09   5.84586424E-09
  -3.20300703E-10  -2.21627161E-11   1.21086741E-09
  -4.22376509E-11   2.12285234E-09  -2.69549449E-09
   1.35061884E-09  -2.73678502E-09  -2.78623191E-09
   1.27416899E-09   1.33198441E-09  -2.14412932E-11
  -1.03476694E-08  -7.25704552E-10  -8.49485726E-09
   9.76802417E-10  -6.13190254E-09   1.95418431E-10
  -2.14306328E-09  -6.07353945E-09   2.11464606E-08
   1.43716961E-09  -4.69328298E-10   1.94330174E-09
   4.75318629E-09  -9.75374181E-09   3.42178597E-09
  -1.61798963E-09  -7.07944192E-09   1.56790136E-09
   1.03529518E-09  -3.95070332E-09  -3.65176733E-09
   3.58506980E-09  -9.60241042E-09  -7.27790106E-10
  -1.17839072E-11   5.90937477E-09  -2.87854607E-09
   2.20157981E-09   1.19360721E-09  -1.91234917E-10
  -1.24343211E-08   1.43858214E-08  -1.05869713E-09
  -3.38473694E-11   1.39217471E-09  -2.66441225E-09
  -2.58535060E-09   5.33507194E-09  -2.55996691E-09
  -2.26974439E-09   1.71609582E-09  -2.05485406E-09
   3.34200223E-08  -1.35466016E-09   3.31484862E-09
  -3.60590335E-09   5.24732979E-10   9.21007492E-10
  -3.18361915E-09  -1.18694110E-09   1.06061062E-08
  -1.62890785E-08   1.88281568E-08  -2.67030131E-09
   4.84418283E-09   1.64723275E-08  -3.11511084E-09
   1.27836119E-09  -8.02494160E-09  -2.49776311E-09
  -5.39400657E-09   1.07154374E-08  -1.05669762E-09
  -2.86711099E-10  -2.17832619E-09   4.66633454E-10
  -1.15509713E-09   1.17425980E-08  -2.30300290E-09
   1.96119343E-09   1.80520709E-10  -6.19830409E-10
  -1.00660613E-09   8.54205595E-11  -2.48813331E-11
  -8.64891492E-10  -5.49401502E-09   5.07593412E-10
   6.94309166E-10  -5.96063310E-10   1.21629662E-09
   2.06957285E-10   2.38109221E-09  -8.05935207E-10
  -5.51843282E-09   5.44466872E-09   8.61560767E-10
   1.31726430E-09   1.24881072E-09   3.14160920E-09
   1.98509675E-09   2.26040342E-09   1.06898335E-09
   2.91286231E-11  -9.47261158E-10   7.10295434E-10
   3.29276273E-10  -5.38809086E-09  -3.03082071E-09
   2.79677037E-09   5.61143532E-09   5.24368327E-09
  -2.45053378E-09  -4.47007348E-10  -2.27948416E-09
   4.05262490E-09   8.41960113E-10   2.21173435E-09
  -1.57946687E-08  -1.61370011E-08  -2.73724972E-08
   2.41402454E-10  -1.60404301E-09   2.14463181E-09
  -2.18761542E-09  -3.11999226E-09   3.74084097E-09
  -6.86606150E-09   7.43708739E-09  -2.99657321E-09
   1.38418765E-09  -1.08995735E-09   7.69154740E-11
  -1.88322868E-09  -3.00744207E-09   7.47171047E-10
  -2.36500441E-09  -1.30143507E-10  -5.90722227E-09
  -3.08796877E-10   5.82791815E-10  -2.03343342E-10
   3.60148222E-09   5.94411276E-09   1.00524278E-09
  -1.84940396E-09  -4.07568618E-10   1.54186178E-10
   5.67159075E-09   1.31491340E-09  -1.76259485E-09
  -4.78628204E-09   3.44722473E-09   5.65810865E-09
   5.32656763E-09  -3.70383146E-09  -6.36163788E-09
   3.60139851E-09   1.70843517E-09  -1.00225712E-08
   1.96961825E-09   6.18714902E-09   5.09375475E-09
   1.29598177E-09  -2.61678956E-10   2.52875942E-10
   7.55459473E-10   1.92479810E-09   2.12378604E-09
   7.06348757E-09  -4.23052393E-09  -3.02253778E-09
   1.04053210E-08   1.92253169E-09  -1.25371846E-09
   2.71471876E-08  -1.24022739E-08  -1.06493236E-09
  -1.80681581E-10  -5.66360558E-09   5.19429388E-09
   2.44742164E-08   7.24862392E-09  -1.18190755E-08
  -6.53847021E-09  -6.35850395E-09  -6.18511242E-09
   1.15915118E-08  -2.83702617E-10   6.60369626E-09
  -8.81031359E-14  -8.02698974E-09  -1.26920163E-09
   3.62345570E-12   3.00227621E-09  -3.29762273E-10
   1.38118095E-08  -1.19365744E-08   4.62549421E-09
   1.11483944E-09  -8.30284064E-10   2.08059814E-09
  -6.13816153E-09  -1.48044013E-08  -6.45095044E-09
   1.09921814E-08   1.50421275E-08   3.77060783E-09
  -1.00772990E-08  -2.06003197E-08   2.45221933E-11
  -2.90872815E-09   1.59112223E-10   1.31907674E-09
  -1.02015747E-08  -9.16285714E-09  -5.88812110E-09
  -4.03557854E-09  -4.11772660E-09  -1.78442328E-09
  -7.32783834E-10  -6.29178265E-10  -1.83285165E-10
   2.55297006E-09   9.35139743E-10  -6.70075551E-10
   1.16591070E-10  -8.10133571E-10  -5.29153388E-10
   6.95045621E-09  -1.42671874E-08   1.72308017E-08
  -6.02649264E-10   2.30279640E-09  -2.14462115E-09
   1.22242101E-08   9.95754257E-10   1.63385094E-09
   6.59451516E-09  -8.11250978E-09  -4.98668618E-09
  -1.47847112E-08   8.36292902E-09  -1.93749994E-09
   1.46362839E-10  -5.92570570E-09  -2.06396589E-09
   5.99012229E-10  -1.02369546E-09  -1.52495738E-09
   8.07806533E-09   1.83976923E-09   4.66819250E-09
  -1.12220944E-08   1.98264676E-08  -6.75557743E-09
  -7.83036025E-10  -1.64777658E-09   2.56358712E-10
  -3.97108169E-09  -1.15291343E-09  -2.95853635E-08
  -2.74693068E-09  -4.60625582E-09  -2.19872165E-09
  -1.00957076E-09   3.32264039E-09  -5.20982724E-09
   3.48305229E-09   1.18836256E-08  -5.30007371E-10
  -2.75226203E-10   1.41217549E-09  -4.54172810E-11
   5.51203838E-09   2.14132845E-09   6.27054586E-09
  -1.15685495E-09  -3.94742683E-10  -9.25390986E-10
  -8.02119882E-09  -4.09734424E-09   1.35224487E-09
   7.85457588E-10   1.67315883E-09   9.84595183E-11
   2.28715393E-08  -8.20065704E-09  -2.05707296E-09
  -1.07565123E-09   1.79482722E-08   8.31094304E-09
  -2.80058532E-09   1.06521791E-09  -6.46923959E-10
  -2.48499754E-09   4.27814140E-09  -6.38825970E-09
   1.39621816E-08  -1.41837004E-08   2.30838859E-09
   1.50912438E-09   1.44519241E-09  -1.38267686E-09
  -4.27512781E-09   2.23905738E-09  -1.21746968E-09
   1.55882796E-09  -1.86314714E-10  -2.74429035E-10
   6.60423627E-09  -3.02612246E-09  -3.97079569E-09
  -1.76795538E-08   2.09737454E-08   8.34814529E-09
   4.46916115E-11  -1.72269454E-09   4.55799537E-10
   3.51008023E-09  -4.29972991E-09  -5.91149352E-09
  -1.07464500E-08   1.99296979E-09   4.97620034E-09
   5.19184162E-09   1.72963122E-09  -1.10851606E-09
  -5.11068965E-09   2.82271673E-09   4.65344741E-09
  -2.39440801E-09   2.21385790E-08   2.07981277E-09
  -4.33792646E-09  -1.36480016E-09  -7.73703046E-10
  -2.28774333E-09  -7.96413380E-10   1.08733811E-09
  -1.08669358E-08  -8.50202841E-09   6.25087426E-10
  -1.58052931E-08   5.88039173E-09   4.37891812E-09
   4.47513093E-09  -4.56371074E-09   7.38695816E-09
   2.39017450E-09  -2.07601514E-09   1.35932932E-11
  -2.08558881E-09  -5.91075455E-09   3.46841711E-09
  -1.20449328E-09   3.84535870E-09   1.16120102E-09
  -2.63537747E-09   1.40675216E-09   5.36140687E-09
  -1.95024574E-09  -1.89415550E-09   5.14514042E-10
   6.69408218E-09   2.14151163E-09   7.46439710E-09
