  -1.05444264E-11   3.49114834E-11  -1.65099219E-11
   8.39698727E-11  -1.60094674E-10   1.88355408E-11
   4.12580838E-11   2.25125529E-10  -1.21941637E-10
   3.39959200E-10  -2.90897084E-10   8.57986182E-11
   2.76366655E-11  -6.45566716E-12   6.01388384E-12
   9.76992237E-11  -1.85009716E-10  -3.25686145E-10
  -6.56066521E-12   1.00303391E-10  -2.79736997E-11
  -1.08802745E-10   5.38504574E-10  -1.86937216E-10
   2.81795247E-11   1.70161593E-11  -1.58822469E-11
  -3.41423001E-11  -1.91542338E-10   1.36974460E-11
  -2.78314160E-11  -5.00506303E-11   2.02827408E-10
   1.05375625E-10   1.13363346E-11  -7.21204763E-11
   2.50752419E-10   2.91371233E-10  -2.32042441E-11
   2.75055395E-11  -4.18674595E-10  -2.30740982E-11
   2.74154532E-10  -1.74251412E-11   1.02518868E-10
   3.38035121E-11   8.82012588E-11   2.07049690E-11
  -2.57919276E-11   3.16963469E-12  -9.37438252E-11
   6.18597621E-13  -2.34606887E-12  -3.23849216E-12
   1.89676649E-10   1.41245127E-10   2.71209027E-10
   1.72641498E-10  -4.71760964E-11   6.69732325E-11
   2.91031175E-11  -4.29964397E-12  -6.75709575E-12
   3.70037542E-11  -1.72359516E-10   5.11114207E-11
  -7.36415096E-12   2.65156473E-11  -2.35094860E-10
  -7.24729513E-11   2.86177262E-11   3.19808936E-11
  -1.01198105E-10  -4.74838363E-11   1.70216480E-10
   2.99625637E-11  -5.76234546E-12  -2.06729425E-11
  -6.14133605E-11   4.90665980E-11   2.49621504E-11
   1.04495114E-10   6.95892163E-11  -2.02505068E-10
   8.51561391E-11  -2.45532594E-10   2.14808907E-10
  -1.75910814E-11  -7.70809024E-12  -6.83124651E-12
  -3.66799473E-11   7.65729424E-11   3.82895556E-11
  -1.34902062E-10  -3.51699003E-10  -2.75035161E-10
   2.74165968E-10   5.02726971E-10  -1.48720966E-12
  -3.65917713E-10  -2.94740538E-10  -9.00211711E-11
   4.98740632E-11   4.00082918E-11   8.69097433E-11
  -1.53918926E-11   1.10772077E-11   4.22415471E-11
  -5.52484586E-11   1.91874988E-12   7.24651589E-12
  -5.63400576E-11   7.75548549E-12  -4.04905276E-11
  -2.90607260E-11  -1.06397946E-10  -4.14354939E-11
   7.82737070E-12  -8.85910095E-12  -3.64681202E-11
   3.83577415E-12   1.09269867E-11   1.56684561E-11
  -6.70232272E-12  -9.39478287E-11   6.59391222E-11
  -7.93049515E-11   1.95690825E-11  -2.59947515E-11
  -8.69051012E-12   1.73103849E-12  -1.87992434E-11
   2.45480025E-11  -5.54461588E-10  -2.76021671E-11
   2.28592284E-11   9.64567731E-11  -1.94575606E-11
  -2.19660984E-10  -1.56267457E-10   1.37672124E-10
   3.55593853E-11   2.20745672E-10   3.18880700E-10
  -2.32931747E-11  -5.57448749E-12   8.98574097E-12
   7.09470954E-11  -3.06890346E-11  -1.33624882E-12
   4.18829083E-10  -1.34486322E-09   5.13573739E-10
  -9.97592287E-12  -2.73249340E-10  -2.02500239E-11
   1.68234784E-11   1.03770992E-10  -8.80242684E-11
  -2.87083302E-10  -2.69885642E-11  -1.44320556E-10
   1.88063898E-10   6.81382450E-11  -7.98068764E-11
  -3.88043597E-10   1.27887634E-09  -4.74579265E-10
   1.39583241E-11   2.23220184E-12  -7.80426418E-12
   1.07516461E-10  -3.85098897E-11   1.12835866E-10
  -5.26139653E-11  -1.61600316E-11  -4.81329074E-11
  -4.64141295E-11  -1.68704269E-11   2.71024349E-11
   1.30666755E-10  -7.13492529E-11  -2.70608536E-12
   4.73067835E-11  -1.05332090E-10   1.25820687E-10
   8.16721135E-11  -5.96623272E-12  -9.64065008E-11
   7.89915355E-11   3.23469654E-11  -5.85374388E-11
   3.63025825E-11   4.82099013E-11  -4.88990411E-11
   1.36196929E-10  -3.51321805E-10  -3.34260175E-10
  -2.78917167E-11   1.97940830E-11   1.55188744E-11
   1.16383916E-11  -8.66440947E-12   1.32041322E-11
  -8.59903294E-12   3.75291118E-12  -3.14577565E-11
  -2.96778435E-11  -2.68195414E-11  -2.49720487E-11
   7.67592934E-11   2.40914177E-10  -1.46215651E-10
  -9.66129884E-11  -4.63176372E-12  -2.97499143E-11
   1.60658348E-10   1.03644454E-11  -8.59222554E-11
   1.03795070E-10   3.55257490E-12  -3.04766767E-11
  -7.65344871E-11  -1.60187447E-10  -2.43314813E-10
  -7.70448982E-11   8.97351568E-11  -1.27105854E-10
   1.20770512E-11   1.86178101E-10   1.43710127E-10
   3.60196317E-11  -8.64512194E-12   4.27928665E-11
   1.97361058E-10   2.87758761E-10  -1.96955854E-10
   3.65850197E-11  -1.35015731E-11   4.34241219E-11
   1.62083888E-14  -2.40311278E-11   5.49448646E-11
  -5.36821594E-11   1.29885463E-10   3.83279658E-11
   6.83680057E-10   1.16048693E-09   1.62328762E-09
  -1.00503009E-10   3.79108481E-11   1.36661543E-10
  -1.86600110E-11   6.23920776E-11   4.15455170E-12
  -2.20663782E-11   8.21602508E-12  -6.46135619E-12
   4.99349617E-10  -6.29356289E-10   7.26479321E-10
  -6.89500471E-11   7.94672869E-11   7.02296693E-11
   2.46240684E-11  -1.36175571E-10  -3.93989216E-11
   3.84007756E-11  -3.75485754E-12   2.22532288E-11
   5.38080344E-12  -4.44229653E-11  -9.45751810E-12
  -1.21244209E-10  -7.30258215E-11  -1.50029156E-11
   1.61465355E-11   8.18312865E-12  -9.06156226E-12
   1.04454605E-10   1.37215100E-11   2.58082930E-11
   7.32460412E-11   9.44342105E-11  -6.82908868E-11
   9.75343070E-11   5.15105320E-11   6.25759167E-12
  -2.07792724E-12   1.20820116E-11   1.69843965E-11
  -1.11687631E-10  -2.35988937E-11   4.51144677E-12
   2.02277917E-11   4.96282598E-11  -6.31024885E-11
   1.00384523E-12   3.77503168E-11  -7.65987100E-12
  -3.66089936E-11   1.04388720E-13   5.42695264E-11
   2.88804466E-11   2.10055428E-11  -2.63437640E-11
   1.20398136E-12   2.28126615E-11   6.25233615E-11
  -1.40658055E-10   4.15936396E-10   5.50034428E-11
   8.27178256E-11  -1.83106683E-10   1.00112019E-12
   2.58260774E-11  -1.13446669E-10  -1.09742673E-10
   3.75300346E-11   2.70551748E-10   1.24612334E-10
   1.05009258E-10   4.91235351E-11   6.75559192E-11
  -1.94973010E-10   2.44672865E-10  -6.38401138E-12
  -5.19588365E-11   6.50478352E-11   8.36680863E-11
   3.42873091E-11  -1.26236716E-10   5.57498075E-11
  -1.10268052E-10   6.18956691E-11   7.52403764E-11
  -7.76690795E-11  -4.62405392E-11  -2.02056857E-10
   4.68463671E-11  -6.47791057E-11  -6.23139457E-11
  -5.76670274E-11  -7.36642691E-11   5.75974338E-11
   8.74168585E-11  -6.72482625E-11   1.56651137E-10
  -3.01496458E-12   3.44428566E-12  -6.73246268E-12
   3.73806888E-11  -4.08291768E-11  -1.40787632E-10
  -4.05359191E-10   4.83514340E-10   4.70501749E-10
  -2.11863825E-11  -1.12971802E-11  -5.04405892E-12
  -1.01968503E-11   1.30296746E-11   1.11093329E-10
   3.46323664E-11  -7.39553141E-11  -2.44049676E-11
   3.71834195E-11   1.97556208E-11   5.65351793E-11
  -1.21843396E-10  -1.72389575E-10   2.78744278E-10
  -2.58675442E-11  -4.56017030E-11  -1.67605513E-11
  -1.61506763E-11   5.03163032E-11   2.20248125E-11
  -2.23730930E-11  -5.02651323E-11  -9.21462559E-12
  -1.84737711E-11  -1.06161829E-10   3.12038229E-10
  -1.22868521E-11   8.53691423E-11  -1.58710378E-10
  -3.08944537E-11   5.23961950E-13  -1.36562419E-11
  -1.29351596E-09   2.34256969E-09   1.71208625E-09
  -2.35517161E-10   1.28294791E-10   2.42571296E-10
  -1.68018752E-10   2.75761219E-11  -6.57151555E-11
   8.98913236E-11   1.39595238E-10   1.26533256E-10
   1.18088525E-12  -4.41683218E-11   3.32220397E-11
  -3.76288653E-11  -5.87366267E-12  -1.23575927E-10
  -6.65352148E-11   4.40678084E-11  -1.12256211E-10
   1.61501021E-11  -1.43261063E-11  -4.32611585E-12
  -1.03742209E-10  -1.69165487E-10   5.81528575E-11
  -7.43268919E-11  -3.49347690E-10  -5.72763281E-10
  -2.53887172E-11   4.25679804E-11  -6.69636846E-11
  -3.88749588E-10   7.41766704E-10  -6.85669854E-10
  -1.03917319E-10   2.14149844E-11   6.34505365E-11
   5.30349792E-11   1.08701818E-10   8.15789797E-11
   9.49979539E-11   4.56666649E-11  -1.33411233E-11
   7.83060353E-11   1.80438692E-10  -1.71600345E-10
   2.31957051E-10  -9.57834367E-11  -1.13651782E-10
   5.01904733E-11   1.80134560E-10   1.12419143E-10
   8.69720962E-12   1.28321492E-10  -2.66433334E-11
   9.19084860E-12  -3.52157106E-13   1.51401808E-11
  -1.18406229E-10   2.37016629E-10   1.40057532E-11
  -1.96580460E-11  -7.18893556E-11   1.58698749E-11
  -1.14296482E-10  -3.19258994E-11  -6.14291881E-11
   7.24777391E-11  -2.55767324E-10  -1.20787200E-10
  -8.41264627E-11   1.88780297E-10   7.23265337E-11
  -4.02602743E-11   2.83626369E-11  -5.71674652E-11
   8.76376055E-11   4.78537349E-11  -1.26082478E-11
  -2.65490074E-10   7.61425090E-11   2.57526361E-10
   7.87613447E-11  -1.89891436E-11  -4.47122131E-11
  -9.20514880E-12   3.75778315E-12   6.24463242E-12
   1.13894082E-10   2.48926608E-11  -2.50464732E-10
   5.66335520E-11  -2.78056966E-10   1.33578620E-10
  -2.70337572E-11   1.46088669E-10   1.51503567E-11
   8.31876582E-11   3.01928316E-10   4.14682427E-10
  -7.17959858E-11   5.83179598E-12  -1.08288135E-11
   5.27240057E-11   3.48760812E-11   7.42426953E-14
  -2.81885661E-11   1.40138096E-10   1.33819405E-11
  -1.28216465E-10   4.18986790E-10  -1.43430406E-11
  -8.99591651E-11   2.81771800E-10   3.02314562E-11
   7.30550256E-12  -1.05413268E-10  -1.07488879E-10
  -4.72929251E-10  -2.31662564E-10  -3.82547105E-10
   2.17321050E-10  -1.41303150E-11  -1.67318659E-11
  -7.77884424E-11  -1.33022440E-10   2.14574525E-10
   1.67169195E-11  -3.22000829E-11  -1.30728123E-10
   1.00652984E-11   1.77961743E-11   5.13141994E-11
   4.44882048E-11  -1.61610482E-11   1.76928250E-10
   9.89346605E-10  -2.06912643E-09  -1.49118740E-09
  -1.91447636E-10  -6.21899546E-11   2.97023212E-10
  -1.36963801E-10  -8.64768257E-11  -1.04018689E-10
   6.33985919E-10  -2.62271871E-11  -1.53618465E-10
  -1.58754902E-11  -1.41817266E-10  -5.05993858E-12
   7.64061453E-11   9.33421396E-12   1.74430526E-10
  -8.42093617E-11  -7.50512569E-11   1.92599992E-10
   1.33911451E-10   1.62542618E-10  -4.57228005E-12
  -1.86590604E-11  -3.41742676E-11  -2.42328657E-11
   1.69886397E-11  -1.53650495E-11  -4.73494577E-11
  -6.22017923E-11   1.11462228E-11   8.52056412E-11
   1.01173764E-10  -1.32159922E-10  -1.08394550E-10
  -5.10474579E-11  -2.59090249E-11   4.07356128E-11
   5.05765915E-11  -4.13045709E-10  -3.91055910E-10
   6.95224850E-11  -1.26130634E-11   8.68017325E-11
  -3.22393987E-11   5.53047746E-11   2.75506788E-11
  -2.72682293E-11   1.46212237E-10   1.78333376E-10
   6.54466648E-10  -1.19723353E-09   5.91329430E-10
   8.48449522E-12   2.83507211E-11  -6.42809625E-11
   5.89365223E-11  -8.44340153E-11  -2.02569714E-11
   7.51759766E-12  -2.13090483E-11   2.85695356E-11
  -2.25194655E-10  -4.32799734E-11  -8.70195443E-11
   5.90990312E-11   6.88462759E-11  -6.39836517E-11
  -3.67942864E-11  -8.24475210E-12   6.67748912E-11
  -3.30845282E-11  -8.62072080E-11  -2.47230292E-11
   1.25519040E-11   3.78040377E-11   2.83400352E-11
  -5.84803039E-11   3.88379294E-11   3.83875015E-11
  -1.44630592E-11  -1.21913105E-11   7.77460180E-11
  -2.79640477E-10   1.41658907E-12   5.50651677E-11
  -8.00336908E-10   6.94377833E-10  -2.02375186E-10
   1.27139757E-10   4.44771824E-11  -7.05141501E-11
  -4.72548042E-11   8.38050462E-11  -1.00172752E-10
   5.05455018E-11  -9.10975601E-11  -8.60812671E-11
  -7.23404531E-11   1.71032272E-10  -4.74461095E-11
  -3.98686847E-11   3.21077574E-11   1.66734640E-10
  -1.64874905E-10  -2.89410995E-11   1.57193814E-10
   1.19608282E-11   1.28864558E-11   4.13280798E-11
   3.55440649E-10   7.69122752E-11   3.74137304E-10
  -1.59353059E-10  -4.71315244E-11   1.25195757E-10
   7.95566737E-12   8.28001279E-11  -2.83497913E-11
  -7.54461077E-11  -1.32312689E-10   4.89858640E-11
  -4.51027410E-11  -5.67410632E-11  -5.06464523E-11
   2.17935062E-11   8.79113449E-12   1.96783562E-11
  -3.77581091E-11  -5.69466627E-11   2.13224438E-10
   7.43770878E-11   2.90969124E-11   3.42686886E-11
  -1.07868790E-10   3.12094899E-11  -8.30615576E-11
  -1.53784041E-10  -1.05483573E-10   6.35742708E-11
   1.27131305E-10   6.12128750E-11  -9.08828846E-11
  -7.48387255E-11   1.56280489E-10   1.93328381E-10
  -6.46742174E-11   8.72309863E-11  -3.77784262E-11
  -7.49825896E-11   1.90409480E-10  -1.74138742E-11
  -7.33515679E-11  -1.21598946E-11   3.86975868E-11
   2.81496909E-10  -4.13227008E-10  -5.17587029E-10
   2.75151568E-11   1.20884289E-10   1.68032629E-10
   2.37984521E-10   2.00270245E-10  -2.24081309E-11
   5.57540993E-12   1.38272352E-10  -6.68757411E-12
  -5.45186084E-11   2.37694031E-10   4.67619415E-11
  -4.06559439E-11  -1.32572148E-10  -6.58292240E-11
  -2.77391998E-12   1.94465180E-10   1.91444360E-11
   1.00450898E-13  -4.70811376E-11  -1.96792138E-10
  -6.32395455E-11   8.69978672E-11   1.97310362E-10
  -1.23969141E-10  -2.48553105E-11   2.71732255E-11
   1.18926397E-10   6.31718844E-11   2.05394202E-10
  -1.08365761E-10   1.57628285E-11  -1.89607878E-12
  -6.09549355E-11  -1.48971634E-11   8.40485806E-11
   2.24993288E-12   9.02575324E-12  -1.00767762E-11
   1.50060048E-10  -1.20633406E-10  -2.45479956E-11
   4.38935693E-10  -9.16396889E-11   7.55581431E-11
   1.83998788E-11  -6.11454637E-11  -1.93518274E-11
   1.04301463E-11  -2.78725133E-11  -3.74367551E-11
   6.35926867E-11   1.65772132E-10   1.62572941E-11
   2.72110459E-13  -3.76572246E-11  -4.61261888E-13
  -1.31471029E-10  -2.86223614E-11   1.04084866E-10
  -7.31500581E-13   6.88256266E-12  -5.19576049E-11
   1.43239226E-10   1.68957126E-10  -9.35190259E-11
   4.54411959E-11   2.02684501E-11  -5.70450250E-11
   1.79911086E-10   3.48318735E-11  -3.79910443E-11
   6.18768925E-12  -1.55657598E-10   1.65704325E-11
  -2.88894603E-12   2.99929248E-11   1.63414365E-10
   3.22870064E-11  -1.11875426E-10   1.07411934E-10
  -1.32367645E-10  -9.52022489E-11   2.18685764E-11
  -5.87634177E-11   6.29818420E-11  -2.45675147E-11
  -6.10023317E-13   2.38660758E-11   1.56954519E-11
   1.70781361E-10   6.87999796E-11  -1.71090225E-11
  -1.40369522E-10  -1.57109742E-10   2.88172906E-11
   3.92680784E-11   6.81404239E-11   2.34109954E-10
   3.13612539E-11   2.82144502E-10   1.98966468E-11
  -2.66400901E-10   2.24436844E-10  -2.28983388E-10
   1.88622368E-10  -1.01243680E-10  -3.26846217E-10
  -7.03801600E-13  -1.85147245E-10   1.56302887E-11
  -7.98738853E-11  -6.42012415E-11  -7.80315187E-11
  -4.40278231E-11   9.80504011E-11   1.63083602E-10
  -1.81230083E-11   2.81716751E-11   8.53567651E-12
  -2.82846413E-10  -1.18603224E-10  -1.22383104E-10
   5.03462792E-11  -1.80952808E-10   6.44131831E-11
  -2.53687682E-10  -1.66121769E-11   2.08226214E-11
   3.44508103E-11   1.61284555E-10  -9.90557011E-11
  -1.35112185E-10   9.03086911E-11  -6.38931894E-11
   2.81836603E-11  -5.93186888E-11  -6.02408054E-11
  -1.10727243E-11  -2.77523421E-11   2.87961772E-11
   6.38610484E-11   2.77457814E-11  -6.13921969E-11
   1.29298156E-10   1.55875937E-10  -2.02375408E-11
  -2.14276000E-10   6.52016774E-11   2.45351690E-11
   1.66374692E-10  -3.67027242E-11   2.05251538E-10
   5.73833689E-11  -1.33691475E-10   1.11359512E-10
   1.07812481E-10  -2.32140876E-10  -7.91034668E-11
  -2.94753527E-11   5.30798842E-12   5.36765805E-11
   2.05472427E-11  -6.28299149E-11  -2.44750276E-10
   3.06477899E-11  -5.21388904E-11   3.92192251E-11
   1.26875368E-11  -3.29451855E-10  -1.58089895E-11
  -1.89914820E-11   3.57621363E-11  -1.05726185E-10
  -1.13520485E-10  -4.49575377E-11   9.95567517E-12
   1.83656479E-10  -1.13203107E-10  -4.23958854E-11
  -1.78937073E-11   1.88339934E-11   1.17315394E-11
  -1.45565754E-10  -7.75405920E-11   1.32811345E-10
   1.05066303E-11   4.47349657E-11   1.52071255E-11
  -1.25334979E-10   3.45021477E-11   2.48236813E-11
   3.35819289E-11  -3.92731472E-11  -7.74632858E-11
  -1.17423279E-10   7.00573904E-11   3.06294642E-11
   2.87661700E-11   7.38432510E-11  -1.89771865E-10
   1.02239751E-10  -3.18757902E-11  -2.56736229E-11
   6.17566892E-12   7.69026648E-11  -4.76696044E-11
   3.15569931E-11   2.09637724E-10  -6.76104728E-11
  -9.86696280E-11  -1.48803816E-10  -2.63152573E-11
   9.61098996E-12  -5.91647009E-11  -1.45633124E-11
  -3.81850454E-11   1.39114179E-10   1.51239229E-11
   4.41779807E-11   1.04769188E-11   1.23606290E-11
   1.10248324E-10  -2.04371006E-10  -1.14829729E-10
  -1.83142460E-11   1.32235917E-10   1.23308377E-10
  -2.30797048E-11   3.02702030E-11  -3.80393564E-11
   1.40199921E-10   1.28686714E-11   4.97453329E-11
   4.72315798E-11   2.06097917E-11  -7.68945671E-11
  -4.12577472E-11  -1.62771047E-11  -6.05592174E-11
   4.56571031E-11  -6.72469580E-11   1.45901791E-10
   5.90310092E-12   1.31100877E-11  -4.75736638E-13
   1.84617183E-11  -6.69455602E-11   3.01130509E-11
  -7.21661619E-12   5.10413517E-11   2.98760877E-11
  -2.36992620E-10  -3.41043027E-10  -5.01043818E-10
  -7.44256531E-11   1.36105321E-10   1.75463852E-10
  -1.27823849E-10  -1.48968879E-10   7.47144152E-11
   2.95154526E-11   6.80487090E-12   2.52989123E-12
  -4.52495420E-12  -1.85725393E-11   4.37138173E-11
  -2.62425220E-11   1.61978417E-11   1.12925641E-11
  -4.48781290E-11  -1.43066253E-10  -1.77179119E-10
   6.74512460E-11   1.87928367E-10  -1.56737484E-10
   4.27441138E-11  -2.01179767E-11  -9.54112553E-11
  -1.49331728E-10  -3.42733689E-11   6.55782928E-11
   1.76140200E-10   8.75562886E-11  -3.14864940E-11
  -7.48398288E-11  -5.75506032E-11   1.61045049E-11
  -7.38949249E-11   1.02238600E-10  -2.59379102E-10
   1.56081315E-10  -2.12833806E-10   6.46859510E-11
  -1.24054170E-10   3.07564141E-10   3.26991142E-11
  -1.07903769E-10  -7.32047548E-11  -4.41960496E-11
   6.27451563E-12   5.02701943E-11   3.72757242E-11
   2.81238227E-11  -6.53855789E-11   7.40603412E-11
  -1.28512728E-10  -3.68398229E-10   1.66923725E-10
   2.21507812E-11  -2.84250679E-10  -2.25566787E-12
   8.75182982E-11  -2.60826666E-10  -3.03836317E-10
  -7.54629692E-12   9.53474244E-11  -7.33232711E-11
   4.16063711E-12  -7.81985102E-11  -3.62059063E-11
   8.41506725E-12  -3.50901252E-12  -1.17438156E-10
   2.32267990E-11  -1.55194788E-10   1.90201327E-11
  -1.39094153E-10  -1.20025156E-10  -7.07192291E-12
   6.91761579E-12   8.39281561E-11   1.01623300E-10
   7.97268362E-11  -3.72784702E-12  -2.28123562E-11
   8.71125810E-11  -8.38016948E-11  -2.06780690E-10
  -5.15224113E-11   4.55908158E-11   1.62417288E-10
   2.57424047E-11   6.29153118E-11   8.86415594E-12
  -2.51232039E-11   6.18508023E-11   1.27422933E-11
  -3.55132659E-11  -5.45281225E-12   5.46195242E-11
  -7.17842452E-11   2.46087803E-11   1.04792855E-10
   1.24184052E-10   6.93487906E-11  -2.87888768E-10
   8.57235324E-11  -1.84292616E-11  -3.69615623E-11
   1.38604656E-10  -2.41315717E-11  -7.44411616E-11
  -7.12880657E-11   1.92211455E-11   1.20218711E-12
   1.61623093E-11  -2.45478637E-11   3.21319013E-12
   4.92688702E-11  -1.11379024E-10   5.42254436E-11
   1.99383357E-11  -1.11593712E-11   2.58564142E-11
  -7.09266812E-10   9.90253990E-10  -5.09762565E-10
   1.33598063E-11   6.44042319E-11  -6.20653112E-11
  -8.33292740E-11   1.21195665E-10   2.92602262E-11
   1.49176001E-11  -3.01728836E-10  -1.00677799E-10
  -1.31056221E-10   5.14360110E-10  -1.08813791E-11
  -7.57041999E-11   1.09807545E-10  -2.14686116E-11
   2.32549840E-10  -1.67006825E-10   2.63193134E-10
   1.05218889E-11   1.21858496E-10   1.24764921E-11
   8.92525723E-12   1.60495454E-11   1.44634400E-11
  -1.00620026E-10  -7.46062864E-11   8.15286658E-11
   9.96997554E-11  -2.36222743E-11  -4.76070676E-11
   7.57430577E-11   5.25908588E-11   7.05773148E-11
   9.04403635E-11  -1.21141985E-12  -3.27148475E-10
  -1.25834343E-11  -8.47781359E-11   3.32193384E-10
   8.21262780E-11  -1.04995679E-10  -1.61556282E-10
   2.18966179E-10   3.19384415E-11  -1.06202679E-10
   2.37299763E-11   2.75529669E-11  -1.47610563E-10
   3.21326299E-13  -6.63628874E-11  -3.55805663E-11
  -3.41997680E-11   1.03331406E-11   4.47063844E-11
   8.15100765E-12   1.89395860E-10   1.92068306E-10
  -5.60475711E-12  -4.71812259E-12   1.20706153E-10
  -2.67744854E-10  -2.92169289E-10   1.10523535E-10
   4.88915297E-11   1.21904570E-10  -2.27467767E-11
  -2.75206732E-11  -1.09959292E-10   7.26705640E-11
  -1.66915474E-11  -1.23914793E-11  -1.71336723E-10
  -2.09915280E-10   2.07281498E-10   3.42977813E-10
  -5.55282383E-13  -1.47019983E-11  -1.81762556E-11
  -1.33590819E-10  -5.68019312E-11  -1.14353652E-10
   1.69487341E-11  -2.47247778E-11   1.30008643E-11
  -1.43097048E-10   3.34898879E-11   3.28536143E-10
  -7.62435427E-12  -6.14822082E-12  -2.59809708E-11
   2.87456531E-10  -2.24834013E-10   1.19303997E-10
   5.58622801E-11  -4.58702243E-11   7.44171044E-11
   8.80078302E-12  -3.93114395E-11   2.26000357E-10
   4.67752392E-10   2.25355234E-10  -1.68420236E-10
  -2.39458661E-11  -1.04094698E-10  -1.04768388E-10
   1.09780345E-11   9.08548306E-11  -5.10737980E-11
  -1.08304060E-11   1.03826406E-10   7.48754531E-11
  -3.01754906E-11  -3.34293183E-11  -9.50856546E-11
  -5.27036574E-12   1.08055492E-12   1.53466944E-11
  -1.42743872E-11  -6.36565523E-11   4.34076386E-13
  -6.32752517E-10   7.56471275E-12  -3.20830446E-11
  -7.13997750E-11  -9.22907584E-12   3.00791857E-11
  -1.28494937E-10   1.05509115E-10   2.35489878E-10
   7.49920848E-10  -6.99882985E-10   2.60223287E-10
  -3.03813641E-10  -4.29903113E-10  -1.26608266E-10
   5.52878646E-11   1.56133023E-10  -2.77198889E-11
  -1.75160872E-10   2.15822943E-10  -6.61400795E-12
   5.48656572E-11   9.00118730E-11  -2.48505383E-11
  -1.00021796E-10  -6.75309600E-11   1.40180229E-11
   4.01049333E-12  -7.72646044E-11   9.31472954E-12
  -7.88867513E-11   2.59678806E-11  -4.54801613E-11
   2.03058161E-11   2.69604949E-10  -2.41225165E-11
   5.47953002E-11  -1.13730213E-10   3.70145997E-11
   5.77831099E-12   3.32929656E-11  -1.42118756E-11
   5.67289306E-11  -8.60676183E-11  -2.07129851E-11
   1.16018514E-11   1.44691190E-10   1.77982157E-10
  -3.27990690E-11  -2.52387486E-11  -4.71603728E-11
   6.25357231E-12  -1.79884874E-11   6.75356038E-12
   4.04537515E-10   4.44708992E-10  -7.49229345E-10
   3.07427639E-10   5.27021149E-10   1.66750488E-10
  -1.99471255E-11  -4.06866077E-12  -3.09751148E-11
  -1.23167671E-10  -5.58130486E-11   1.90607835E-10
  -5.54543855E-10  -1.12079357E-09  -1.52534385E-09
   1.03833782E-12  -4.02071362E-11   7.46191997E-12
   1.51625601E-10  -9.42471795E-11  -1.70191444E-10
  -2.74247292E-12   8.20104193E-11  -1.92525565E-10
   6.09098119E-11  -9.82527462E-11   6.69624217E-11
   1.31687673E-11  -1.84459614E-10   6.49493515E-11
   4.57525684E-11  -3.13854290E-11   1.35101180E-10
  -4.55562463E-11   5.89234980E-11   3.28887750E-11
   7.19285673E-11  -7.23172772E-11  -2.84749134E-12
   2.00277837E-12   1.45024617E-13   7.47123804E-12
  -6.69964154E-11   1.15257803E-11  -2.18806570E-12
   1.94898403E-11  -5.18041582E-11  -4.41877854E-11
   6.60163937E-11  -6.34790345E-11  -1.37128517E-10
   4.18157037E-11  -7.76442036E-11   7.36974509E-11
   8.48124349E-12  -5.88731147E-11  -1.86546376E-10
   1.45077478E-10  -3.13484100E-11  -8.03875855E-11
   1.10296626E-10  -3.72897199E-12  -1.45099661E-11
  -8.16580414E-11   3.87617854E-11  -4.42754514E-12
   2.14571722E-10   1.23590638E-10  -1.56782060E-10
  -9.27129595E-10   3.38457151E-10   2.26287211E-10
  -1.85933074E-11  -3.99441452E-11  -3.06092429E-10
  -2.55823085E-10  -5.27539123E-12   1.81805571E-10
  -7.08656189E-11  -2.03989187E-10  -9.60941396E-11
   9.09154696E-11   1.97370731E-11   9.94125615E-11
   1.28373510E-11  -5.53494056E-12   2.48202257E-11
  -2.04568411E-11   2.47061593E-10   2.85798329E-10
  -6.88301846E-12   6.40857090E-11  -7.38017633E-11
  -4.08338363E-11   4.73212164E-11  -1.15557612E-10
  -1.07950107E-10  -3.28773730E-10  -1.07852310E-10
   3.82056276E-10   3.29034799E-10   5.83861431E-11
   2.78819828E-10   2.98453567E-10   1.23642485E-11
  -4.26987751E-11   8.46491453E-12   4.65936664E-12
  -1.65808298E-10  -1.37862582E-10  -1.61792996E-10
  -4.80738227E-10  -5.74305381E-10   5.19116528E-10
  -3.32241179E-13  -1.87889079E-11   2.61655281E-13
   4.53202684E-11   2.18475793E-11  -4.21310348E-11
   5.06575198E-11  -5.80171119E-11  -1.99482444E-12
   1.22335919E-10  -2.73299439E-11  -4.17270940E-10
   4.80247231E-11  -6.78277087E-11  -2.70827284E-11
  -4.37360009E-10  -6.84274720E-11  -9.90362237E-11
   5.86294138E-11  -4.26901813E-11  -1.75243431E-11
  -2.92083233E-11   1.48456011E-10   3.96687058E-11
  -1.11777691E-10  -3.51789084E-11   1.74085607E-11
  -4.75206263E-11  -3.54731457E-12  -4.15207486E-11
   6.57807420E-11   1.60077160E-12   7.82450840E-11
  -1.58905583E-10   3.46915552E-11  -6.36939390E-11
   4.40263147E-12   2.08063566E-11   2.20618575E-11
   3.19668562E-11  -5.61288516E-11   4.05797895E-11
  -6.51722842E-11  -5.09830511E-11  -5.27086083E-11
   6.04216260E-11   3.32133487E-11  -6.04083519E-11
   9.65895697E-11  -1.99692096E-10  -2.71192513E-11
   3.52379480E-11   5.10155460E-12   1.14017146E-11
  -1.21544982E-10  -1.78614554E-10  -3.48907570E-11
   4.89090018E-12   7.17979218E-11   2.76021220E-11
  -9.55148877E-11  -4.02662695E-11   3.90579097E-11
   6.27193644E-11  -1.85953405E-11  -9.55587137E-11
   6.29893637E-10  -4.70335160E-10  -1.73222825E-10
  -4.66882991E-11   2.62859956E-10   1.97348998E-10
  -8.34527586E-12   2.36650248E-11  -9.97147330E-12
   1.37177034E-10  -3.17891546E-11   5.36598266E-11
   1.16607224E-10  -6.37999376E-11   1.47766188E-10
   8.33644959E-12  -3.58562693E-11   1.70429282E-10
  -2.66265787E-10  -1.00084864E-10   5.16106949E-11
  -5.27247204E-11   8.58459137E-12   3.61782132E-11
  -3.92028909E-11  -5.65537062E-11   3.51777912E-11
  -6.72985390E-10   6.69734934E-10   5.85938353E-10
   1.07555541E-10  -4.98002403E-11   1.05758891E-11
   4.76266804E-11  -1.06411581E-11  -1.63242711E-10
   1.28945132E-10  -2.34364694E-10   4.92535561E-11
   3.92785027E-10  -8.35776934E-11   1.64441724E-10
   5.91130755E-11  -1.63961622E-11  -4.46076925E-11
   2.30986869E-10   4.27836433E-10  -7.88842880E-11
  -7.71629635E-11   9.43839408E-13  -8.16930620E-11
  -7.18101065E-11   9.87616933E-11   9.45678050E-11
   1.83245016E-10   1.52468066E-10  -1.67250477E-10
   1.07078879E-09  -2.04416872E-10   3.38406386E-12
  -2.30799532E-10   8.10634337E-11  -2.38009112E-10
  -1.66939188E-11  -7.93908134E-11  -1.24605083E-11
   1.23220947E-11  -9.19870846E-11   3.14334392E-11
  -1.14301124E-10  -1.77798623E-10   4.15445386E-11
   1.66216563E-12  -1.91362794E-11  -1.77049764E-10
  -4.62487479E-11  -2.57743896E-11   2.96173017E-11
   5.17940413E-11  -1.54890076E-12  -7.78602668E-11
