   2.61603570       2.61603570       2.61603570    
   5.56101464E-02   5.56096025E-02   5.56100942E-02
   2.01859450       2.01859474       2.01859474    
   2.05777645       2.05777645       2.05777645    
 -0.978502929     -0.978503406     -0.978503048    
 -0.411143333     -0.411143571     -0.411143512    
   1.37916946       1.37916946       1.37916946    
   2.72675228       2.72675228       2.72675228    
  0.307166725      0.307166666      0.307166964    
 -0.190091699     -0.190091714     -0.190091759    
   1.35717094       1.35717070       1.35717070    
  -1.39041770      -1.39041770      -1.39041770    
  -5.38667774      -5.38667679      -5.38667774    
  -2.24015927      -2.24015927      -2.24015927    
   1.21092844       1.21092844       1.21092868    
 -0.891318381     -0.891318142     -0.891318381    
  -1.29623950      -1.29623973      -1.29623973    
  0.549509346      0.549509346      0.549509346    
  0.482637882      0.482638001      0.482637942    
   1.80068958       1.80068958       1.80068934    
  -1.50429142      -1.50429142      -1.50429189    
  -1.80827284      -1.80827284      -1.80827332    
  -2.67659330      -2.67659330      -2.67659330    
  0.901551843      0.901551962      0.901551843    
  -1.40117121      -1.40117097      -1.40117121    
 -0.729049623     -0.729049742     -0.729049742    
  -1.43736327      -1.43736327      -1.43736303    
   1.20169604       1.20169580       1.20169604    
   1.50451326       1.50451326       1.50451326    
   3.37224650       3.37224650       3.37224650    
 -0.931787074     -0.931787074     -0.931787074    
 -0.746067464     -0.746067405     -0.746067226    
   2.48854876       2.48854828       2.48854828    
  -1.32804191      -1.32804167      -1.32804167    
   2.89089870       2.89089823       2.89089823    
  -1.57742047      -1.57742023      -1.57742000    
  -1.26526392      -1.26526392      -1.26526392    
  -1.80846608      -1.80846608      -1.80846608    
   1.59425449       1.59425449       1.59425449    
 -0.130128160     -0.130127981     -0.130128130    
 -0.866829336     -0.866829336     -0.866829336    
  -1.44263673      -1.44263685      -1.44263685    
   3.17006564       3.17006564       3.17006564    
  -2.52318907      -2.52318859      -2.52318859    
  -3.85333610      -3.85333610      -3.85333610    
  -1.35214734      -1.35214758      -1.35214734    
   3.43861938       3.43861938       3.43861938    
 -0.153062269     -0.153061911     -0.153062120    
 -0.306733787     -0.306733787     -0.306733787    
   2.90607405       2.90607405       2.90607405    
  0.514843464      0.514843464      0.514843345    
   1.09702849       1.09702849       1.09702873    
   1.69023681       1.69023681       1.69023681    
   1.12116313       1.12116325       1.12116313    
  0.577428222      0.577427983      0.577428222    
 -0.684586167     -0.684586167     -0.684586167    
 -0.650274992     -0.650274754     -0.650275111    
   2.53255248       2.53255272       2.53255272    
  -3.07487154      -3.07487154      -3.07487106    
  -1.18553448      -1.18553448      -1.18553448    
   1.26511097       1.26511097       1.26511097    
 -0.225957453     -0.225957453     -0.225957572    
 -0.703075290     -0.703075290     -0.703075290    
  -3.36158800      -3.36158848      -3.36158848    
 -0.581303120     -0.581302822     -0.581302941    
  -1.41053331      -1.41053307      -1.41053331    
  -1.39621079      -1.39621079      -1.39621079    
  0.514858723      0.514858961      0.514858723    
  -1.02374983      -1.02374983      -1.02374983    
  -2.53311968      -2.53311968      -2.53311968    
  0.369102508      0.369102508      0.369102508    
 -0.577640951     -0.577640593     -0.577640593    
   2.04721808       2.04721761       2.04721761    
   3.19168854       3.19168854       3.19168854    
   1.19685471       1.19685447       1.19685471    
   1.96883428       1.96883428       1.96883428    
   1.96538365       1.96538365       1.96538341    
  -1.25428843      -1.25428843      -1.25428832    
 -0.553163111     -0.553163111     -0.553162873    
   1.05052805       1.05052781       1.05052805    
   1.23070550       1.23070574       1.23070550    
  -3.93133950      -3.93133855      -3.93133950    
  -3.15713811      -3.15713811      -3.15713811    
  0.980414033      0.980414271      0.980414033    
  -3.09596109      -3.09596109      -3.09596109    
 -0.843138695     -0.843138695     -0.843138576    
   2.60692763       2.60692787       2.60692787    
  -4.93289614      -4.93289614      -4.93289614    
  -1.42618442      -1.42618442      -1.42618442    
  -6.72063589      -6.72063589      -6.72063684    
  -1.26696694      -1.26696670      -1.26696646    
  -3.37373185      -3.37373233      -3.37373185    
 -0.694552541     -0.694552064     -0.694552302    
 -0.709400535     -0.709400773     -0.709400773    
   1.50510323       1.50510323       1.50510323    
 -0.926608264     -0.926608503     -0.926608503    
   1.11929691       1.11929667       1.11929667    
  -2.43268323      -2.43268323      -2.43268323    
  -2.74232340      -2.74232340      -2.74232340    
   1.26520330E-02   1.26519771E-02   1.26519669E-02
  -1.42483020      -1.42483020      -1.42483020    
   1.10140480E-02   1.10138161E-02   1.10141598E-02
   1.96146059       1.96146059       1.96146059    
   2.69001532       2.69001484       2.69001484    
   1.73363924       1.73363924       1.73363924    
   2.56769753       2.56769753       2.56769753    
   2.00273204       2.00273204       2.00273204    
  -1.50858974      -1.50858974      -1.50858974    
   3.79294252       3.79294252       3.79294252    
 -0.918898523     -0.918898404     -0.918898523    
  0.553614736      0.553615212      0.553614974    
   2.51523614       2.51523614       2.51523614    
  -2.91477633      -2.91477585      -2.91477585    
 -0.140306607     -0.140306011     -0.140306726    
   1.20330822       1.20330822       1.20330822    
   1.47948873       1.47948921       1.47948921    
   2.01495028       2.01494980       2.01494980    
  -3.00478816      -3.00478816      -3.00478864    
 -0.889875293     -0.889875293     -0.889875293    
   1.33027387       1.33027387       1.33027387    
   2.84161344E-02   2.84159239E-02   2.84159277E-02
  -1.17414546      -1.17414558      -1.17414522    
   3.15262389       3.15262341       3.15262341    
   2.00660729       2.00660729       2.00660729    
  0.170987904      0.170988083      0.170987725    
  -2.26404357      -2.26404357      -2.26404357    
  -2.78080297      -2.78080297      -2.78080297    
   1.76718402       1.76718402       1.76718402    
  -9.17726606E-02  -9.17725489E-02  -9.17727873E-02
   1.30850255       1.30850208       1.30850232    
   1.90481269       1.90481269       1.90481269    
   2.72412348       2.72412348       2.72412348    
 -0.990158379     -0.990158141     -0.990158141    
 -0.696900308     -0.696900308     -0.696900427    
 -0.646930337     -0.646930218     -0.646930218    
  -2.03237796      -2.03237796      -2.03237796    
   1.29907775       1.29907823       1.29907823    
   2.43983221       2.43983221       2.43983221    
   1.54083240       1.54083216       1.54083216    
   1.24644697       1.24644697       1.24644697    
  -9.67323184E-02  -9.67323184E-02  -9.67320651E-02
  -2.17376351      -2.17376351      -2.17376351    
 -0.264513135     -0.264512777     -0.264513016    
  -1.06882143      -1.06882119      -1.06882119    
  -1.20592284      -1.20592284      -1.20592284    
  -1.15012324      -1.15012324      -1.15012348    
  0.925207615      0.925207853      0.925207615    
   1.99587965       1.99587965       1.99587965    
  -3.42132163      -3.42132163      -3.42132163    
   2.79821444       2.79821444       2.79821396    
  -3.91728766E-02  -3.91728878E-02  -3.91729400E-02
   1.78948486       1.78948486       1.78948486    
   1.53778946       1.53778946       1.53778946    
  0.651578665      0.651578426      0.651578426    
  -1.54014289      -1.54014289      -1.54014242    
   2.18648501E-02   2.18650922E-02   2.18646042E-02
  -3.35632968      -3.35632968      -3.35632968    
 -0.183368117     -0.183367938     -0.183367938    
  0.775966048      0.775966287      0.775966048    
  -1.69839859      -1.69839907      -1.69839859    
  -1.44565773      -1.44565797      -1.44565773    
  0.310827404      0.310827404      0.310827225    
  0.888147414      0.888147414      0.888147414    
   2.04695034       2.04695034       2.04695034    
  -1.97011542      -1.97011590      -1.97011542    
   1.49058020       1.49058020       1.49057996    
 -0.860166848     -0.860167325     -0.860167086    
   2.83182812       2.83182812       2.83182812    
 -0.627967417     -0.627967656     -0.627967656    
 -0.212777808     -0.212777868     -0.212778106    
  -1.54568291      -1.54568291      -1.54568291    
  0.666767538      0.666767538      0.666767418    
  -1.26359069      -1.26359093      -1.26359117    
   1.20212460       1.20212460       1.20212460    
   2.32762337       2.32762384       2.32762337    
  0.932321846      0.932321846      0.932321846    
 -0.608721137     -0.608721137     -0.608721137    
  -1.08364248      -1.08364224      -1.08364248    
  -1.46657348      -1.46657372      -1.46657348    
  -1.75776327      -1.75776327      -1.75776350    
   1.25097215       1.25097239       1.25097215    
 -0.549503744     -0.549503744     -0.549504220    
  -1.34909499      -1.34909499      -1.34909499    
  0.591311455      0.591311455      0.591311693    
  -2.35343933      -2.35343933      -2.35343933    
   9.05714836E-03   9.05706361E-03   9.05722659E-03
  0.210273325      0.210273206      0.210273206    
 -0.679831564     -0.679831922     -0.679831564    
   2.88616467       2.88616467       2.88616467    
   1.91233528       1.91233528       1.91233528    
   2.10436392       2.10436392       2.10436392    
  -1.43349528      -1.43349528      -1.43349528    
  -1.82795405      -1.82795405      -1.82795405    
   1.47056365       1.47056389       1.47056389    
 -0.804089427     -0.804089189     -0.804089427    
  0.212145150      0.212145209      0.212145329    
  -3.28080583      -3.28080583      -3.28080583    
   2.79064989       2.79064989       2.79064989    
  -1.01042855      -1.01042831      -1.01042831    
   1.00238526       1.00238526       1.00238526    
  0.717645824      0.717646062      0.717646062    
 -0.781767249     -0.781767249     -0.781767249    
 -0.730125546     -0.730125308     -0.730125546    
  -1.89836919E-02  -1.89836919E-02  -1.89839769E-02
  -1.29497015      -1.29497063      -1.29497015    
  -1.10427845      -1.10427821      -1.10427821    
  -1.33149612      -1.33149588      -1.33149588    
  0.750433803      0.750433803      0.750433803    
  -1.18041492      -1.18041480      -1.18041492    
  -1.46426475      -1.46426499      -1.46426475    
  -2.61905384      -2.61905384      -2.61905384    
 -0.768933654     -0.768933654     -0.768933654    
 -0.888061881     -0.888061881     -0.888061881    
  -2.86096931      -2.86096931      -2.86096931    
  -1.29522026      -1.29522026      -1.29522002    
   1.90955436       1.90955436       1.90955436    
  -1.71822739      -1.71822739      -1.71822739    
 -0.967099190     -0.967099190     -0.967099190    
  -1.09660363      -1.09660363      -1.09660363    
 -0.118704274     -0.118704751     -0.118704751    
   2.32187581       2.32187533       2.32187533    
  -1.34701931      -1.34701931      -1.34701955    
  -2.02710056      -2.02710056      -2.02710056    
  -3.56774116      -3.56774116      -3.56774116    
 -0.513952971     -0.513952971     -0.513952851    
   2.01225019       2.01225066       2.01225066    
  -1.63794792      -1.63794816      -1.63794816    
   1.00354099       1.00354099       1.00354099    
   2.12868929       2.12868881       2.12868929    
   3.07953644       3.07953644       3.07953691    
 -0.856550813     -0.856550932     -0.856550932    
   1.97266912       1.97266912       1.97266865    
  0.481498897      0.481498897      0.481498659    
  -3.28778076      -3.28778028      -3.28778028    
  -2.19045115      -2.19045067      -2.19045115    
  -1.58788800      -1.58788824      -1.58788824    
  -1.36159074      -1.36159050      -1.36159050    
 -0.744253755     -0.744253635     -0.744253516    
   1.52354383       1.52354383       1.52354383    
  0.471672624      0.471672624      0.471672386    
  0.967194259      0.967194140      0.967194259    
 -0.793415308     -0.793415308     -0.793415189    
 -0.939329863     -0.939329624     -0.939329863    
   1.32277656       1.32277644       1.32277644    
  -2.27198315      -2.27198362      -2.27198315    
  0.899178147      0.899178386      0.899178386    
   1.15596211       1.15596187       1.15596187    
  0.902684808      0.902684569      0.902684569    
 -0.356121629     -0.356121391     -0.356121629    
   1.07717955       1.07717955       1.07717955    
  0.652667284      0.652667165      0.652667284    
  -9.51363519E-02  -9.51362327E-02  -9.51362327E-02
  -2.46066689      -2.46066666      -2.46066689    
  0.316025943      0.316025883      0.316025704    
   7.52759539E-03   7.52753904E-03   7.52778770E-03
 -0.287642092     -0.287641853     -0.287641793    
 -0.341455102     -0.341454864     -0.341454983    
   1.64650798       1.64650798       1.64650798    
   2.80717158       2.80717158       2.80717158    
  0.366321117      0.366320997      0.366320848    
  -1.04447770      -1.04447770      -1.04447770    
 -0.612284541     -0.612284362     -0.612284720    
  -2.54555698E-02  -2.54555680E-02  -2.54551265E-02
  0.686582565      0.686582565      0.686582327    
  0.308992624      0.308992565      0.308992922    
   9.87058356E-02   9.87058505E-02   9.87060145E-02
   3.93583179       3.93583179       3.93583179    
  0.186245590      0.186245844      0.186246082    
  0.171024665      0.171024665      0.171025142    
 -0.943579853     -0.943579733     -0.943579853    
 -0.783030987     -0.783030748     -0.783030987    
  0.998583674      0.998583436      0.998583674    
  -1.94757628      -1.94757628      -1.94757628    
   1.65758097       1.65758097       1.65758097    
  -1.16550899      -1.16550946      -1.16550922    
  0.167164579      0.167164564      0.167164907    
 -0.252146900     -0.252146900     -0.252146423    
  -1.83416951      -1.83416951      -1.83416951    
  -1.78428411      -1.78428411      -1.78428364    
  -2.07173228      -2.07173228      -2.07173181    
 -0.374477714     -0.374477595     -0.374477714    
  0.489223838      0.489223838      0.489223838    
  0.273957163      0.273957282      0.273957282    
  0.700895190      0.700895071      0.700894892    
   1.62742555       1.62742603       1.62742555    
   2.65305567       2.65305567       2.65305567    
   2.60474110       2.60474110       2.60474110    
  -9.65717137E-02  -9.65719819E-02  -9.65719819E-02
   4.11916065       4.11916065       4.11916065    
   2.57387018       2.57387066       2.57387018    
  -1.28965271      -1.28965271      -1.28965271    
   3.18692899       3.18692899       3.18692994    
   2.85109138       2.85109138       2.85109138    
   1.09432924       1.09432912       1.09432912    
  0.246078894      0.246078894      0.246078894    
 -0.200452656     -0.200452775     -0.200452954    
   2.77090192       2.77090192       2.77090192    
  -2.75020957      -2.75020957      -2.75020909    
  -2.01686907      -2.01686907      -2.01686907    
   2.30670047       2.30670047       2.30670047    
   1.60979974       1.60979974       1.60979950    
 -0.443084568     -0.443084568     -0.443084747    
  -1.66578078      -1.66578102      -1.66578102    
 -0.666936636     -0.666936874     -0.666936398    
   1.13129866       1.13129866       1.13129830    
  -4.36007404      -4.36007404      -4.36007404    
  -1.49318409      -1.49318409      -1.49318409    
   2.19983101       2.19983101       2.19983101    
  0.220575318      0.220575556      0.220575437    
  0.683018088      0.683018088      0.683017850    
   2.22257352       2.22257352       2.22257352    
  -1.08294654      -1.08294630      -1.08294678    
  0.950908959      0.950908959      0.950908482    
   2.44462285E-02   2.44463515E-02   2.44463403E-02
  -3.38577516E-02  -3.38576585E-02  -3.38580050E-02
  -1.27924013      -1.27924013      -1.27924013    
  -2.41712666      -2.41712666      -2.41712666    
  -1.57571924      -1.57571924      -1.57571924    
   1.05777240       1.05777264       1.05777264    
 -0.334902018     -0.334901899     -0.334901899    
 -0.886033714     -0.886033475     -0.886033475    
  0.879155576      0.879155576      0.879155576    
 -0.343773425     -0.343773305     -0.343773305    
 -0.776388228     -0.776388466     -0.776388228    
   1.14425015       1.14425039       1.14425039    
 -0.592734456     -0.592734456     -0.592734456    
  0.951554239      0.951554477      0.951554239    
  0.156592965      0.156592935      0.156592891    
   5.66223338E-02   5.66223301E-02   5.66220917E-02
 -0.934155822     -0.934156060     -0.934156060    
  0.120947845      0.120947637      0.120947830    
   1.90017056       1.90017080       1.90017080    
 -0.571255028     -0.571254790     -0.571254790    
  -5.69945955      -5.69945955      -5.69945955    
   1.80150998       1.80151021       1.80150998    
 -0.101330310     -0.101330079     -0.101330072    
 -0.774491966     -0.774491727     -0.774491966    
   4.72416210       4.72416210       4.72416210    
  -1.93658423      -1.93658423      -1.93658423    
   3.10780954       3.10780954       3.10780954    
   2.08056808       2.08056808       2.08056808    
 -0.843000174     -0.843000174     -0.843000174    
  0.223536521      0.223536164      0.223536193    
   1.09811413       1.09811413       1.09811461    
   1.09263361       1.09263361       1.09263408    
  0.863482714      0.863482833      0.863482714    
  0.467148513      0.467148155      0.467148274    
  0.408206314      0.408206314      0.408206314    
 -0.453105271     -0.453105390     -0.453105628    
   1.22769356       1.22769356       1.22769356    
   4.09753227       4.09753227       4.09753180    
   1.56850529       1.56850529       1.56850553    
 -0.705979049     -0.705978811     -0.705979407    
 -0.256290644     -0.256290644     -0.256290525    
   1.11632812       1.11632812       1.11632812    
  -2.63244414      -2.63244462      -2.63244462    
   1.79558921       1.79558921       1.79558921    
  -1.91588283      -1.91588330      -1.91588283    
  -1.51600361      -1.51600337      -1.51600337    
  0.321604133      0.321604133      0.321603894    
  0.178536311      0.178536251      0.178536192    
   1.28900158       1.28900182       1.28900158    
   1.84903288       1.84903288       1.84903288    
  0.789061844      0.789061844      0.789061844    
 -0.313870877     -0.313870758     -0.313871115    
  0.501018822      0.501018822      0.501018822    
  -1.85155118      -1.85155118      -1.85155118    
   2.40243840       2.40243816       2.40243816    
 -0.822611392     -0.822611630     -0.822611392    
 -0.554742694     -0.554742575     -0.554742575    
   1.31870580       1.31870580       1.31870604    
   3.53318667       3.53318667       3.53318667    
  -2.36493397      -2.36493397      -2.36493397    
   3.34117198       3.34117198       3.34117198    
   1.66999769       1.66999769       1.66999769    
  -1.71378028      -1.71378052      -1.71378028    
  -1.32379532      -1.32379532      -1.32379556    
  0.132424027      0.132424235      0.132424250    
  0.688522995      0.688522995      0.688523471    
  -1.11735570      -1.11735570      -1.11735570    
   1.31021225       1.31021225       1.31021225    
  0.220583305      0.220583275      0.220583156    
   1.63089967       1.63089991       1.63089991    
  0.884425342      0.884425104      0.884425342    
   1.93365598       1.93365645       1.93365598    
 -0.610047579     -0.610047340     -0.610047340    
   5.24389839       5.24389839       5.24389839    
   1.96927357       1.96927357       1.96927357    
   2.46356368       2.46356368       2.46356368    
  -1.28731906      -1.28731906      -1.28731906    
  -1.31441045      -1.31441045      -1.31441069    
  0.843188882      0.843188405      0.843188643    
  -5.24156056E-02  -5.24156056E-02  -5.24156056E-02
 -0.504976869     -0.504977107     -0.504976869    
  0.670405865      0.670406103      0.670405865    
  -1.16188800      -1.16188800      -1.16188800    
  -1.78497112      -1.78497064      -1.78497064    
  0.756061316      0.756061375      0.756061316    
  -5.48874331      -5.48874331      -5.48874331    
   3.57959606E-02   3.57961878E-02   3.57959755E-02
   1.24415636       1.24415636       1.24415636    
  0.579017818      0.579017818      0.579017580    
   1.38798594       1.38798571       1.38798594    
   3.68519282       3.68519282       3.68519282    
  0.456972897      0.456973016      0.456973016    
  -1.49847066      -1.49847066      -1.49847066    
 -0.983539820     -0.983539820     -0.983539820    
  0.317083418      0.317083508      0.317083538    
  -1.86753976      -1.86753976      -1.86753976    
   1.84051836       1.84051836       1.84051836    
  -5.42674772E-02  -5.42673655E-02  -5.42674549E-02
   3.17691541       3.17691541       3.17691493    
  -1.10314167      -1.10314143      -1.10314143    
  -2.80367589      -2.80367589      -2.80367637    
  -1.17994678      -1.17994678      -1.17994726    
   1.02070630       1.02070630       1.02070630    
  0.333864570      0.333864689      0.333864570    
 -0.603139520     -0.603139520     -0.603139281    
  0.509934783      0.509934664      0.509934545    
   2.72469568       2.72469568       2.72469568    
  0.946082652      0.946082890      0.946083128    
  -1.46999216      -1.46999216      -1.46999216    
   2.64753151       2.64753151       2.64753151    
  -2.86213493      -2.86213493      -2.86213493    
  0.112251766      0.112251759      0.112251751    
  -1.19072819      -1.19072819      -1.19072771    
 -0.768146098     -0.768146336     -0.768146336    
  -2.67985535      -2.67985582      -2.67985535    
  -1.63087952      -1.63087928      -1.63087928    
  -3.40074968      -3.40074968      -3.40074968    
   1.10525680       1.10525703       1.10525680    
 -0.378914177     -0.378914177     -0.378914416    
  0.210571975      0.210572153      0.210571975    
  0.878382146      0.878382146      0.878382623    
 -0.804995596     -0.804995358     -0.804995596    
   2.22500801       2.22500801       2.22500801    
   2.26298451       2.26298499       2.26298499    
   1.33430076       1.33430099       1.33430076    
  0.209291637      0.209291637      0.209291816    
  0.128150538      0.128150478      0.128150344    
 -0.293796092     -0.293795824     -0.293795884    
  -1.40028977      -1.40028977      -1.40028977    
  0.825994790      0.825994670      0.825994790    
   2.84282947       2.84282899       2.84282899    
  -2.38351583      -2.38351583      -2.38351583    
  -2.08108306      -2.08108306      -2.08108306    
  0.699920177      0.699919939      0.699920177    
   1.35846663       1.35846710       1.35846663    
   2.39077401       2.39077401       2.39077401    
  -1.55577886      -1.55577886      -1.55577910    
  -2.43191218      -2.43191266      -2.43191218    
   2.70530748       2.70530701       2.70530748    
  -1.64360273      -1.64360225      -1.64360225    
 -0.215053052     -0.215052634     -0.215052634    
  -1.01983261      -1.01983237      -1.01983261    
  -1.81209409      -1.81209409      -1.81209385    
   2.76581430       2.76581430       2.76581383    
 -0.313667387     -0.313667655     -0.313667774    
  -1.02870822      -1.02870822      -1.02870846    
  0.835511804      0.835512042      0.835512042    
  -1.45382237      -1.45382214      -1.45382190    
   1.42180240       1.42180240       1.42180240    
  0.694620192      0.694620192      0.694620192    
   1.01016545       1.01016545       1.01016533    
  0.280394644      0.280394167      0.280394644    
  -5.53033066      -5.53033066      -5.53033066    
   1.34670830       1.34670830       1.34670830    
  -1.10814846      -1.10814846      -1.10814846    
   3.43532109       3.43532109       3.43532062    
  -1.45171022      -1.45171058      -1.45171022    
  -1.50919878      -1.50919878      -1.50919902    
  -3.84468126      -3.84468079      -3.84468079    
   1.68011630       1.68011606       1.68011606    
   2.56203818       2.56203818       2.56203818    
 -0.995115280     -0.995115280     -0.995115280    
  0.492378920      0.492378920      0.492378920    
  -2.72508216      -2.72508168      -2.72508216    
 -0.709986269     -0.709986031     -0.709985912    
   1.21413648       1.21413672       1.21413672    
  0.164655268      0.164654896      0.164655164    
  0.700441003      0.700441003      0.700440884    
   1.98311329       1.98311377       1.98311329    
 -0.352834105     -0.352834046     -0.352834046    
  0.876978874      0.876978874      0.876979113    
 -0.642997384     -0.642997384     -0.642997622    
  0.275799483      0.275799364      0.275799364    
  -9.53120813E-02  -9.53123420E-02  -9.53120440E-02
  -1.30348897      -1.30348897      -1.30348897    
 -0.936628997     -0.936629474     -0.936629236    
  0.778400004      0.778399527      0.778400242    
 -0.782375038     -0.782375038     -0.782375038    
  -2.67450452      -2.67450452      -2.67450452    
  -2.74153376      -2.74153376      -2.74153376    
   1.74732661       1.74732637       1.74732661    
 -0.101832122     -0.101832062     -0.101832226    
   2.17722583       2.17722583       2.17722583    
 -0.675551593     -0.675551593     -0.675551593    
 -0.651643455     -0.651643455     -0.651643455    
 -0.534399986     -0.534399986     -0.534399986    
  -2.61625457      -2.61625504      -2.61625457    
